[-1.3105  -3.33525 -0.1     -0.11   ]
[-2.423   -3.33525 -0.1     -0.11   ]
[-3.723   -1.62525 -0.1     -0.11   ]
[-3.8355  -1.09025 -0.1     -0.11   ]
[-3.8355  -1.55775 -0.1     -0.11   ]
[-2.5355  -3.26775 -0.1     -0.11   ]
[-2.423   -3.33525 -0.1     -0.11   ]
[-1.3105  -3.33525 -0.1     -0.11   ]
[-2.6105  -3.33525 -0.1     -0.11   ]
[-3.8355  -1.98525 -0.1     -0.11   ]
[-3.8355  -3.26025 -0.1     -0.11   ]
[-2.5355  -3.33525 -0.1     -0.11   ]
[-2.423   -3.33525 -0.1     -0.11   ]
[-2.5355  -1.62525 -0.1     -0.11   ]
[-3.8355  -1.53525 -0.1     -0.11   ]
[-3.8355  -1.55775 -0.1     -0.11   ]
[-1.423   -3.26775 -0.1     -0.11   ]
[-2.3105  -3.33525 -0.1     -0.11   ]
[-2.5355  -1.62525 -0.1     -0.11   ]
[-2.5355  -1.62525 -0.1     -0.11   ]
[-2.423   -3.33525 -0.1     -0.11   ]
[-2.423   -1.49025 -0.1     -0.11   ]
[-3.723   -1.49025 -0.1     -0.11   ]
[-3.8355  -1.55775 -0.1     -0.11   ]
[-2.423   -3.20025 -0.1     -0.11   ]
[-2.3855  -1.62525 -0.1     -0.11   ]
[-2.3105  -1.55775 -0.1     -0.11   ]
[-3.573   -3.20025 -0.1     -0.11   ]
[-2.5355  -1.55025 -0.1     -0.11   ]
[-2.423   -1.55775 -0.1     -0.11   ]
[-2.3105  -3.26025 -0.1     -0.11   ]
[-2.423   -1.49025 -0.1     -0.11   ]
[-2.5355  -1.29025 -0.1     -0.11   ]
[-2.423   -1.55775 -0.1     -0.11   ]
[-2.423   -1.62525 -0.1     -0.11   ]
[-1.8105  -1.62525 -0.1     -0.11   ]
[-2.423   -1.55775 -0.1     -0.11   ]
[-2.348   -1.62525 -0.1     -0.11   ]
[-2.423   -1.62525 -0.1     -0.11   ]
[-2.5355  -1.15775 -0.1     -0.11   ]
[-3.8355  -1.55775 -0.1     -0.11   ]
[-3.8355  -1.29025 -0.1     -0.11   ]
[-2.5355  -3.26025 -0.1     -0.11   ]
[-2.423   -3.33525 -0.1     -0.11   ]
[-1.8105  -3.33525 -0.1     -0.11   ]
[-2.3105  -1.62525 -0.1     -0.11   ]
[-3.6105  -1.55775 -0.1     -0.11   ]
[-3.8355  -1.49025 -0.1     -0.11   ]
[-3.8355  -1.28275 -0.1     -0.11   ]
[-2.423   -3.20025 -0.1     -0.11   ]
[-2.5355  -2.99275 -0.1     -0.11   ]
[-3.723   -1.55025 -0.1     -0.11   ]
[-1.773   -3.33525 -0.1     -0.11   ]
[-3.073   -1.62525 -0.1     -0.11   ]
[-3.8355  -1.55025 -0.1     -0.11   ]
[-2.5355  -3.26775 -0.1     -0.11   ]
[-3.8355  -3.20025 -0.1     -0.11   ]
[-2.273   -3.33525 -0.1     -0.11   ]
[-2.3855  -1.62525 -0.1     -0.11   ]
[-2.3855  -3.26775 -0.1     -0.11   ]
[-2.3105  -1.55775 -0.1     -0.11   ]
[-3.6855  -1.49025 -0.1     -0.11   ]
[-3.8355  -1.49025 -0.1     -0.11   ]
[-3.723   -1.54275 -0.1     -0.11   ]
[-2.423   -3.33525 -0.1     -0.11   ]
[-3.723   -1.62525 -0.1     -0.11   ]
[-2.3855  -3.33525 -0.1     -0.11   ]
[-2.5355  -1.55775 -0.1     -0.11   ]
[-2.423   -3.26775 -0.1     -0.11   ]
[-3.8355  -1.47525 -0.1     -0.11   ]
[-2.5355  -1.49025 -0.1     -0.11   ]
[-3.6855  -1.62525 -0.1     -0.11   ]
[-2.3105  -3.33525 -0.1     -0.11   ]
[-3.723   -1.55775 -0.1     -0.11   ]
[-1.423   -1.62525 -0.1     -0.11   ]
[-2.2355  -3.33525 -0.1     -0.11   ]
[-2.5355  -1.49025 -0.1     -0.11   ]
[-3.8355  -1.29025 -0.1     -0.11   ]
[-3.8355  -2.80025 -0.1     -0.11   ]
[-3.8355  -3.33525 -0.1     -0.11   ]
[-1.8105  -3.33525 -0.1     -0.11   ]
[-2.6105  -3.33525 -0.1     -0.11   ]
[-3.8355  -3.33525 -0.1     -0.11   ]
[-1.3105  -3.33525 -0.1     -0.11   ]
[-2.3105  -3.33525 -0.1     -0.11   ]
[-3.723   -3.19275 -0.1     -0.11   ]
[-2.3105  -1.62525 -0.1     -0.11   ]
[-2.5355  -1.54275 -0.1     -0.11   ]
[-2.5355  -1.55775 -0.1     -0.11   ]
[-3.8355  -1.09025 -0.1     -0.11   ]
[-2.423   -1.55025 -0.1     -0.11   ]
[-2.3855  -3.26775 -0.1     -0.11   ]
[-2.423   -1.55775 -0.1     -0.11   ]
[-2.423   -1.55775 -0.1     -0.11   ]
[-2.423   -1.35775 -0.1     -0.11   ]
[-2.3105  -1.55775 -0.1     -0.11   ]
[-2.273   -3.26775 -0.1     -0.11   ]
[-3.8355  -1.55775 -0.1     -0.11   ]
[-2.3105  -1.55775 -0.1     -0.11   ]
[-3.723   -1.15775 -0.1     -0.11   ]
[-3.0555  -2.05275 -0.1     -0.11   ]
[-2.943   -3.26775 -0.1     -0.11   ]
[-2.5355  -3.33525 -0.1     -0.11   ]
[-2.5355  -3.33525 -0.1     -0.11   ]
[-2.5355  -3.33525 -0.1     -0.11   ]
[-3.8355  -1.62525 -0.1     -0.11   ]
[-2.3105  -1.55775 -0.1     -0.11   ]
[-2.793   -3.26775 -0.1     -0.11   ]
[-2.423   -3.33525 -0.1     -0.11   ]
[-2.423   -1.49025 -0.1     -0.11   ]
[-2.3105  -1.55775 -0.1     -0.11   ]
[-3.6855  -1.55025 -0.1     -0.11   ]
[-2.423   -3.20025 -0.1     -0.11   ]
[-3.723   -1.49025 -0.1     -0.11   ]
[-2.5355  -2.99275 -0.1     -0.11   ]
[-2.3105  -1.62525 -0.1     -0.11   ]
[-1.973   -3.26775 -0.1     -0.11   ]
[-3.073   -1.62525 -0.1     -0.11   ]
[-1.773   -3.33525 -0.1     -0.11   ]
[-3.6105  -1.55775 -0.1     -0.11   ]
[-3.8355  -1.49025 -0.1     -0.11   ]
[-2.5355  -1.55775 -0.1     -0.11   ]
[-2.5355  -1.35025 -0.1     -0.11   ]
[-3.8355  -1.55025 -0.1     -0.11   ]
[-2.5355  -1.49025 -0.1     -0.11   ]
[-2.423   -3.26775 -0.1     -0.11   ]
[-1.5105  -3.33525 -0.1     -0.11   ]
[-2.5355  -1.55775 -0.1     -0.11   ]
[-2.348   -1.62525 -0.1     -0.11   ]
[-2.348   -1.62525 -0.1     -0.11   ]
[-2.423   -1.62525 -0.1     -0.11   ]
[-2.5355  -1.55775 -0.1     -0.11   ]
[-2.423   -3.26775 -0.1     -0.11   ]
[-2.423   -1.55025 -0.1     -0.11   ]
[-2.3855  -1.55025 -0.1     -0.11   ]
[-2.423   -1.62525 -0.1     -0.11   ]
[-2.943   -3.33525 -0.1     -0.11   ]
[-3.6105  -3.33525 -0.1     -0.11   ]
[-2.8305  -3.33525 -0.1     -0.11   ]
[-2.273   -3.33525 -0.1     -0.11   ]
[-2.3105  -3.33525 -0.1     -0.11   ]
[-2.423   -1.62525 -0.1     -0.11   ]
[-3.723   -1.55775 -0.1     -0.11   ]
[-3.8355  -1.47525 -0.1     -0.11   ]
[-3.8355  -1.55025 -0.1     -0.11   ]
[-2.348   -3.26775 -0.1     -0.11   ]
[-2.3105  -1.55775 -0.1     -0.11   ]
[-2.273   -3.26775 -0.1     -0.11   ]
[-2.5355  -3.26025 -0.1     -0.11   ]
[-2.3855  -3.33525 -0.1     -0.11   ]
[-3.6855  -1.62525 -0.1     -0.11   ]
[-1.8105  -3.33525 -0.1     -0.11   ]
[-2.423   -3.33525 -0.1     -0.11   ]
[-2.3855  -3.33525 -0.1     -0.11   ]
[-2.3105  -3.33525 -0.1     -0.11   ]
[-2.423   -1.62525 -0.1     -0.11   ]
[-2.423   -1.55025 -0.1     -0.11   ]
[-2.9055  -3.19275 -0.1     -0.11   ]
[-1.923   -1.55775 -0.1     -0.11   ]
[-2.3855  -1.55775 -0.1     -0.11   ]
[-2.273   -3.26775 -0.1     -0.11   ]
[-2.3105  -3.33525 -0.1     -0.11   ]
[-2.423   -3.33525 -0.1     -0.11   ]
[-3.723   -1.62525 -0.1     -0.11   ]
[-3.8355  -1.47525 -0.1     -0.11   ]
[-3.8355  -1.55025 -0.1     -0.11   ]
[-2.5355  -3.26775 -0.1     -0.11   ]
[-2.2355  -3.33525 -0.1     -0.11   ]
[-2.348   -1.62525 -0.1     -0.11   ]
[-2.423   -1.55775 -0.1     -0.11   ]
[-2.5355  -1.55775 -0.1     -0.11   ]
[-2.5355  -1.55775 -0.1     -0.11   ]
[-2.423   -1.55775 -0.1     -0.11   ]
[-2.423   -1.62525 -0.1     -0.11   ]
[-2.3105  -3.33525 -0.1     -0.11   ]
[-1.773   -3.33525 -0.1     -0.11   ]
[-3.6105  -1.55775 -0.1     -0.11   ]
[-2.3105  -1.62525 -0.1     -0.11   ]
[-3.723   -1.55775 -0.1     -0.11   ]
[-1.5105  -3.33525 -0.1     -0.11   ]
[-2.423   -3.26775 -0.1     -0.11   ]
[-2.5355  -1.49025 -0.1     -0.11   ]
[-3.8355  -1.29025 -0.1     -0.11   ]
[-3.8355  -1.55775 -0.1     -0.11   ]
[-3.6855  -1.62525 -0.1     -0.11   ]
[-2.5355  -1.55775 -0.1     -0.11   ]
[-3.8355  -1.49025 -0.1     -0.11   ]
[-1.8105  -3.33525 -0.1     -0.11   ]
[-2.423   -3.33525 -0.1     -0.11   ]
[-3.073   -1.62525 -0.1     -0.11   ]
[-1.973   -3.26775 -0.1     -0.11   ]
[-2.273   -1.55775 -0.1     -0.11   ]
[-2.3105  -1.55775 -0.1     -0.11   ]
[-2.423   -1.49025 -0.1     -0.11   ]
[-2.943   -3.33525 -0.1     -0.11   ]
[-2.273   -3.26775 -0.1     -0.11   ]
[-2.3105  -1.55775 -0.1     -0.11   ]
[-3.8355  -3.26775 -0.1     -0.11   ]
[-1.423   -3.26775 -0.1     -0.11   ]
[-3.2355  -3.33525 -0.1     -0.11   ]
[-2.3855  -3.33525 -0.1     -0.11   ]
[-3.6855  -1.62525 -0.1     -0.11   ]
[-3.8355  -2.79275 -0.1     -0.11   ]
[-3.8355  -1.62525 -0.1     -0.11   ]
[-2.5355  -3.26775 -0.1     -0.11   ]
[-1.8305  -3.33525 -0.1     -0.11   ]
[-2.5355  -3.33525 -0.1     -0.11   ]
[-2.943   -3.33525 -0.1     -0.11   ]
[-3.0555  -3.33525 -0.1     -0.11   ]
[-2.8305  -3.33525 -0.1     -0.11   ]
[-3.6105  -3.33525 -0.1     -0.11   ]
[-3.8355  -3.33525 -0.1     -0.11   ]
[-3.8355  -3.33525 -0.1     -0.11   ]
[-2.943   -3.33525 -0.1     -0.11   ]
[-2.8305  -3.33525 -0.1     -0.11   ]
[-3.0555  -2.05275 -0.1     -0.11   ]
[-2.3305  -3.26775 -0.1     -0.11   ]
[-2.423   -3.33525 -0.1     -0.11   ]
[-2.5355  -3.33525 -0.1     -0.11   ]
[-2.5355  -3.33525 -0.1     -0.11   ]
[-3.8355  -1.62525 -0.1     -0.11   ]
[-2.5355  -1.49025 -0.1     -0.11   ]
[-2.943   -3.26775 -0.1     -0.11   ]
[-2.423   -3.33525 -0.1     -0.11   ]
[-2.3105  -1.62525 -0.1     -0.11   ]
[-1.8105  -3.33525 -0.1     -0.11   ]
[-3.6855  -1.62525 -0.1     -0.11   ]
[-3.8355  -3.20025 -0.1     -0.11   ]
[-2.3855  -3.33525 -0.1     -0.11   ]
[-3.723   -1.62525 -0.1     -0.11   ]
[-3.8355  -3.26775 -0.1     -0.11   ]
[-3.8355  -1.55025 -0.1     -0.11   ]
[-1.423   -3.26775 -0.1     -0.11   ]
[-2.8305  -3.33525 -0.1     -0.11   ]
[-3.073   -3.33525 -0.1     -0.11   ]
[-2.8305  -3.33525 -0.1     -0.11   ]
[-2.423   -3.33525 -0.1     -0.11   ]
[-2.5355  -3.33525 -0.1     -0.11   ]
[-2.5355  -3.33525 -0.1     -0.11   ]
[-3.8355  -1.62525 -0.1     -0.11   ]
[-3.8355  -1.55025 -0.1     -0.11   ]
[-1.943   -3.26775 -0.1     -0.11   ]
[-2.2355  -3.33525 -0.1     -0.11   ]
[-2.3855  -3.33525 -0.1     -0.11   ]
[-3.6855  -1.62525 -0.1     -0.11   ]
[-1.8105  -3.33525 -0.1     -0.11   ]
[-1.3105  -3.33525 -0.1     -0.11   ]
[-2.3305  -2.05275 -0.1     -0.11   ]
[-1.8305  -3.33525 -0.1     -0.11   ]
[-2.3305  -3.33525 -0.1     -0.11   ]
[-3.6855  -3.33525 -0.1     -0.11   ]
[-3.8355  -3.33525 -0.1     -0.11   ]
[-3.8355  -3.33525 -0.1     -0.11   ]
[-2.3105  -3.33525 -0.1     -0.11   ]
[-3.723   -3.33525 -0.1     -0.11   ]
[-3.8355  -3.33525 -0.1     -0.11   ]
[-3.0555  -3.33525 -0.1     -0.11   ]
[-3.6105  -3.33525 -0.1     -0.11   ]
[-1.8305  -3.33525 -0.1     -0.11   ]
[-1.8105  -3.33525 -0.1     -0.11   ]
[-2.423   -3.33525 -0.1     -0.11   ]
[-2.5355  -3.33525 -0.1     -0.11   ]
[-3.0555  -3.33525 -0.1     -0.11   ]
[-3.6105  -2.05275 -0.1     -0.11   ]
[-2.8305  -3.33525 -0.1     -0.11   ]
[-2.293   -3.33525 -0.1     -0.11   ]
[-3.073   -3.33525 -0.1     -0.11   ]
[-2.5355  -3.33525 -0.1     -0.11   ]
[-3.8355  -1.62525 -0.1     -0.11   ]
[-3.8355  -3.26775 -0.1     -0.11   ]
[-3.8355  -3.33525 -0.1     -0.11   ]
[-1.8105  -3.33525 -0.1     -0.11   ]
[-2.5355  -3.33525 -0.1     -0.11   ]
[-3.8355  -3.33525 -0.1     -0.11   ]
[-3.0555  -3.33525 -0.1     -0.11   ]
[-3.8355  -1.62525 -0.1     -0.11   ]
[-3.8355  -1.28275 -0.1     -0.11   ]
[-2.943   -3.20025 -0.1     -0.11   ]
[-1.3855  -3.33525 -0.1     -0.11   ]
[-1.773   -3.33525 -0.1     -0.11   ]
[-3.073   -1.62525 -0.1     -0.11   ]
[-1.773   -3.26775 -0.1     -0.11   ]
[-2.3105  -1.62525 -0.1     -0.11   ]
[-2.0105  -3.33525 -0.1     -0.11   ]
[-2.5355  -3.33525 -0.1     -0.11   ]
[-3.8355  -3.33525 -0.1     -0.11   ]
[-3.8355  -1.55775 -0.1     -0.11   ]
[-3.8355  -2.78525 -0.1     -0.11   ]
[-3.8355  -3.33525 -0.1     -0.11   ]
[-2.273   -1.55775 -0.1     -0.11   ]
[-2.9055  -3.26025 -0.1     -0.11   ]
[-2.423   -1.49025 -0.1     -0.11   ]
[-2.423   -1.55775 -0.1     -0.11   ]
[-3.6855  -3.26775 -0.1     -0.11   ]
[-2.3855  -1.55025 -0.1     -0.11   ]
[-3.3105  -1.98525 -0.1     -0.11   ]
[-2.3855  -1.55775 -0.1     -0.11   ]
[-2.348   -3.26775 -0.1     -0.11   ]
[-2.3105  -3.33525 -0.1     -0.11   ]
[-2.423   -1.49025 -0.1     -0.11   ]
[-3.723   -1.55025 -0.1     -0.11   ]
[-3.8355  -1.49025 -0.1     -0.11   ]
[-2.5355  -1.55775 -0.1     -0.11   ]
[-2.0105  -1.62525 -0.1     -0.11   ]
[-2.348   -1.62525 -0.1     -0.11   ]
[-2.2355  -3.33525 -0.1     -0.11   ]
[-2.3855  -3.33525 -0.1     -0.11   ]
[-3.6855  -1.62525 -0.1     -0.11   ]
[-3.8355  -1.29025 -0.1     -0.11   ]
[-3.8355  -1.29025 -0.1     -0.11   ]
[-2.5355  -3.26025 -0.1     -0.11   ]
[-3.8355  -1.55025 -0.1     -0.11   ]
[-3.8355  -1.48275 -0.1     -0.11   ]
[-2.5355  -1.49025 -0.1     -0.11   ]
[-3.8355  -1.53525 -0.1     -0.11   ]
[-3.723   -1.55775 -0.1     -0.11   ]
[-2.3105  -1.62525 -0.1     -0.11   ]
[-2.3105  -3.33525 -0.1     -0.11   ]
[-2.348   -1.62525 -0.1     -0.11   ]
[-2.3855  -1.55775 -0.1     -0.11   ]
[-2.793   -3.33525 -0.1     -0.11   ]
[-2.3105  -3.26775 -0.1     -0.11   ]
[-2.423   -1.62525 -0.1     -0.11   ]
[-2.423   -2.99275 -0.1     -0.11   ]
[-3.723   -1.28275 -0.1     -0.11   ]
[-2.5355  -3.20025 -0.1     -0.11   ]
[-2.3105  -1.62525 -0.1     -0.11   ]
[-1.773   -3.26775 -0.1     -0.11   ]
[-3.273   -1.62525 -0.1     -0.11   ]
[-1.973   -3.33525 -0.1     -0.11   ]
[-2.3105  -3.33525 -0.1     -0.11   ]
[-1.8105  -3.33525 -0.1     -0.11   ]
[-2.9355  -3.33525 -0.1     -0.11   ]
[-3.8355  -3.33525 -0.1     -0.11   ]
[-3.8355  -1.29025 -0.1     -0.11   ]
[-3.8355  -3.18525 -0.1     -0.11   ]
[-3.8355  -3.33525 -0.1     -0.11   ]
[-2.423   -1.55775 -0.1     -0.11   ]
[-3.8355  -1.49025 -0.1     -0.11   ]
[-3.8355  -1.49025 -0.1     -0.11   ]
[-2.5355  -1.55775 -0.1     -0.11   ]
[-2.5355  -1.49025 -0.1     -0.11   ]
[-2.3105  -3.33525 -0.1     -0.11   ]
[-2.793   -3.33525 -0.1     -0.11   ]
[-3.1105  -3.33525 -0.1     -0.11   ]
[-2.3855  -3.33525 -0.1     -0.11   ]
[-2.3105  -3.33525 -0.1     -0.11   ]
[-2.3855  -3.33525 -0.1     -0.11   ]
[-2.423   -1.62525 -0.1     -0.11   ]
[-2.423   -3.26775 -0.1     -0.11   ]
[-2.3105  -3.33525 -0.1     -0.11   ]
[-2.273   -1.55775 -0.1     -0.11   ]
[-2.9055  -3.20025 -0.1     -0.11   ]
[-1.773   -3.26775 -0.1     -0.11   ]
[-3.273   -1.62525 -0.1     -0.11   ]
[-2.5355  -1.49025 -0.1     -0.11   ]
[-2.423   -1.55775 -0.1     -0.11   ]
[-2.5355  -1.55775 -0.1     -0.11   ]
[-2.3855  -1.55025 -0.1     -0.11   ]
[-2.3855  -1.55775 -0.1     -0.11   ]
[-2.3105  -1.55775 -0.1     -0.11   ]
[-2.3855  -1.55025 -0.1     -0.11   ]
[-2.423   -1.62525 -0.1     -0.11   ]
[-2.423   -1.55775 -0.1     -0.11   ]
[-2.5355  -1.55775 -0.1     -0.11   ]
[-2.5355  -1.55775 -0.1     -0.11   ]
[-2.423   -3.26775 -0.1     -0.11   ]
[-2.2355  -3.33525 -0.1     -0.11   ]
[-2.3105  -1.62525 -0.1     -0.11   ]
[-3.723   -1.55775 -0.1     -0.11   ]
[-3.8355  -1.49025 -0.1     -0.11   ]
[-2.423   -1.62525 -0.1     -0.11   ]
[-2.3105  -3.33525 -0.1     -0.11   ]
[-2.423   -1.49025 -0.1     -0.11   ]
[-3.723   -1.55775 -0.1     -0.11   ]
[-2.3105  -3.20025 -0.1     -0.11   ]
[-3.723   -1.54275 -0.1     -0.11   ]
[-2.3855  -3.33525 -0.1     -0.11   ]
[-2.2355  -3.33525 -0.1     -0.11   ]
[-1.823   -3.26775 -0.1     -0.11   ]
[-3.8355  -1.55025 -0.1     -0.11   ]
[-2.5355  -3.26025 -0.1     -0.11   ]
[-1.7105  -3.33525 -0.1     -0.11   ]
[-3.8355  -1.29025 -0.1     -0.11   ]
[-3.8355  -1.47525 -0.1     -0.11   ]
[-2.3105  -1.55775 -0.1     -0.11   ]
[-2.943   -3.00025 -0.1     -0.11   ]
[-2.3855  -3.33525 -0.1     -0.11   ]
[-3.6855  -1.62525 -0.1     -0.11   ]
[-1.8105  -3.33525 -0.1     -0.11   ]
[-3.6105  -1.55775 -0.1     -0.11   ]
[-2.5355  -1.49025 -0.1     -0.11   ]
[-2.423   -3.20025 -0.1     -0.11   ]
[-3.8355  -1.55025 -0.1     -0.11   ]
[-2.5355  -3.26025 -0.1     -0.11   ]
[-3.8355  -1.49025 -0.1     -0.11   ]
[-2.5355  -1.54275 -0.1     -0.11   ]
[-3.8355  -1.49025 -0.1     -0.11   ]
[-2.3105  -3.33525 -0.1     -0.11   ]
[-2.423   -1.48275 -0.1     -0.11   ]
[-3.723   -1.55775 -0.1     -0.11   ]
[-2.5355  -3.24525 -0.1     -0.11   ]
[-3.3105  -2.05275 -0.1     -0.11   ]
[-1.773   -3.26775 -0.1     -0.11   ]
[-3.073   -1.62525 -0.1     -0.11   ]
[-1.773   -3.33525 -0.1     -0.11   ]
[-1.9055  -3.33525 -0.1     -0.11   ]
[-2.423   -3.20025 -0.1     -0.11   ]
[-2.5305  -3.33525 -0.1     -0.11   ]
[-2.5355  -3.33525 -0.1     -0.11   ]
[-3.8355  -3.33525 -0.1     -0.11   ]
[-3.8355  -3.33525 -0.1     -0.11   ]
[-3.8355  -3.33525 -0.1     -0.11   ]
[-3.8355  -3.33525 -0.1     -0.11   ]
[-3.8355  -1.53525 -0.1     -0.11   ]
[-3.8355  -3.26775 -0.1     -0.11   ]
[-2.5355  -3.20025 -0.1     -0.11   ]
[-3.8355  -1.49025 -0.1     -0.11   ]
[-3.8355  -2.78525 -0.1     -0.11   ]
[-3.8355  -3.33525 -0.1     -0.11   ]
[-2.0105  -3.33525 -0.1     -0.11   ]
[-2.5355  -3.33525 -0.1     -0.11   ]
[-3.8355  -3.33525 -0.1     -0.11   ]
[-2.0105  -1.62525 -0.1     -0.11   ]
[-3.6105  -1.83525 -0.1     -0.11   ]
[-2.8305  -1.98525 -0.1     -0.11   ]
[-2.9055  -3.26025 -0.1     -0.11   ]
[-2.3855  -3.33525 -0.1     -0.11   ]
[-2.423   -3.33525 -0.1     -0.11   ]
[-2.423   -3.33525 -0.1     -0.11   ]
[-3.723   -1.62525 -0.1     -0.11   ]
[-3.8355  -1.49025 -0.1     -0.11   ]
[-2.8305  -3.20025 -0.1     -0.11   ]
[-2.273   -3.33525 -0.1     -0.11   ]
[-2.3105  -3.33525 -0.1     -0.11   ]
[-2.423   -1.62525 -0.1     -0.11   ]
[-2.348   -1.62525 -0.1     -0.11   ]
[-1.8105  -1.62525 -0.1     -0.11   ]
[-1.5105  -3.33525 -0.1     -0.11   ]
[-1.8105  -3.33525 -0.1     -0.11   ]
[-3.6855  -1.62525 -0.1     -0.11   ]
[-3.8355  -1.55775 -0.1     -0.11   ]
[-3.8355  -1.29025 -0.1     -0.11   ]
[-2.5355  -1.49025 -0.1     -0.11   ]
[-2.423   -3.26775 -0.1     -0.11   ]
[-2.2355  -3.33525 -0.1     -0.11   ]
[-2.3305  -3.26775 -0.1     -0.11   ]
[-2.423   -1.62525 -0.1     -0.11   ]
[-2.423   -1.55775 -0.1     -0.11   ]
[-2.5355  -3.26775 -0.1     -0.11   ]
[-2.3105  -1.62525 -0.1     -0.11   ]
[-2.493   -3.26775 -0.1     -0.11   ]
[-3.073   -1.62525 -0.1     -0.11   ]
[-2.5355  -1.35775 -0.1     -0.11   ]
[-3.723   -3.20025 -0.1     -0.11   ]
[-3.8355  -1.29025 -0.1     -0.11   ]
[-3.8355  -3.24525 -0.1     -0.11   ]
[-3.8355  -3.33525 -0.1     -0.11   ]
[-3.8355  -3.33525 -0.1     -0.11   ]
[-3.5355  -3.33525 -0.1     -0.11   ]
[-1.773   -3.33525 -0.1     -0.11   ]
[-3.6105  -1.55775 -0.1     -0.11   ]
[-3.8355  -1.49025 -0.1     -0.11   ]
[-3.8355  -1.62525 -0.1     -0.11   ]
[-2.5355  -3.33525 -0.1     -0.11   ]
[-1.8105  -3.33525 -0.1     -0.11   ]
[-2.5355  -1.35775 -0.1     -0.11   ]
[-3.8355  -1.55775 -0.1     -0.11   ]
[-3.8355  -1.55025 -0.1     -0.11   ]
[-1.623   -3.26775 -0.1     -0.11   ]
[-3.723   -1.62525 -0.1     -0.11   ]
[-2.3105  -3.33525 -0.1     -0.11   ]
[-2.8305  -3.33525 -0.1     -0.11   ]
[-2.793   -3.33525 -0.1     -0.11   ]
[-2.8305  -3.33525 -0.1     -0.11   ]
[-3.8355  -1.55775 -0.1     -0.11   ]
[-2.423   -3.20025 -0.1     -0.11   ]
[-2.3855  -3.33525 -0.1     -0.11   ]
[-2.3105  -1.62525 -0.1     -0.11   ]
[-2.5355  -3.26025 -0.1     -0.11   ]
[-2.2355  -3.33525 -0.1     -0.11   ]
[-2.423   -1.55775 -0.1     -0.11   ]
[-3.723   -1.55775 -0.1     -0.11   ]
[-2.943   -3.33525 -0.1     -0.11   ]
[-3.1105  -3.33525 -0.1     -0.11   ]
[-2.793   -3.33525 -0.1     -0.11   ]
[-2.423   -3.33525 -0.1     -0.11   ]
[-3.6855  -3.33525 -0.1     -0.11   ]
[-3.723   -1.62525 -0.1     -0.11   ]
[-2.5355  -3.26775 -0.1     -0.11   ]
[-2.8305  -3.33525 -0.1     -0.11   ]
[-1.423   -3.33525 -0.1     -0.11   ]
[-3.073   -1.62525 -0.1     -0.11   ]
[-1.773   -3.33525 -0.1     -0.11   ]
[-3.6105  -1.55775 -0.1     -0.11   ]
[-3.8355  -3.20025 -0.1     -0.11   ]
[-3.3105  -3.33525 -0.1     -0.11   ]
[-2.423   -3.26775 -0.1     -0.11   ]
[-2.5355  -1.55775 -0.1     -0.11   ]
[-2.423   -3.26775 -0.1     -0.11   ]
[-2.943   -3.33525 -0.1     -0.11   ]
[-3.8355  -3.26775 -0.1     -0.11   ]
[-3.8355  -1.55025 -0.1     -0.11   ]
[-3.8355  -1.55775 -0.1     -0.11   ]
[-2.5355  -3.00025 -0.1     -0.11   ]
[-3.8355  -1.29025 -0.1     -0.11   ]
[-3.8355  -3.20025 -0.1     -0.11   ]
[-3.8355  -3.33525 -0.1     -0.11   ]
[-1.8105  -3.33525 -0.1     -0.11   ]
[-2.7355  -3.33525 -0.1     -0.11   ]
[-3.8355  -3.33525 -0.1     -0.11   ]
[-2.5355  -1.55775 -0.1     -0.11   ]
[-2.423   -3.33525 -0.1     -0.11   ]
[-2.5355  -1.62525 -0.1     -0.11   ]
[-2.5355  -1.62525 -0.1     -0.11   ]
[-3.6855  -3.33525 -0.1     -0.11   ]
[-2.423   -3.33525 -0.1     -0.11   ]
[-3.723   -1.62525 -0.1     -0.11   ]
[-2.5355  -3.26775 -0.1     -0.11   ]
[-2.3105  -1.62525 -0.1     -0.11   ]
[-1.773   -3.26775 -0.1     -0.11   ]
[-3.073   -1.62525 -0.1     -0.11   ]
[-1.773   -3.33525 -0.1     -0.11   ]
[-3.6105  -1.55775 -0.1     -0.11   ]
[-3.8355  -1.49025 -0.1     -0.11   ]
[-2.5355  -3.20025 -0.1     -0.11   ]
[-2.5355  -1.62525 -0.1     -0.11   ]
[-3.8355  -1.55775 -0.1     -0.11   ]
[-2.5355  -1.49025 -0.1     -0.11   ]
[-2.423   -3.26775 -0.1     -0.11   ]
[-2.2355  -3.33525 -0.1     -0.11   ]
[-1.8105  -1.62525 -0.1     -0.11   ]
[-2.943   -3.26025 -0.1     -0.11   ]
[-2.5355  -1.55775 -0.1     -0.11   ]
[-2.5355  -1.55775 -0.1     -0.11   ]
[-2.5355  -3.20025 -0.1     -0.11   ]
[-2.423   -1.62525 -0.1     -0.11   ]
[-2.348   -1.62525 -0.1     -0.11   ]
[-2.2355  -3.33525 -0.1     -0.11   ]
[-2.3855  -3.33525 -0.1     -0.11   ]
[-3.723   -1.55775 -0.1     -0.11   ]
[-2.423   -1.62525 -0.1     -0.11   ]
[-3.723   -3.26775 -0.1     -0.11   ]
[-3.6855  -1.62525 -0.1     -0.11   ]
[-1.8105  -3.33525 -0.1     -0.11   ]
[-1.5105  -3.33525 -0.1     -0.11   ]
[-2.5355  -3.26025 -0.1     -0.11   ]
[-3.8355  -1.55025 -0.1     -0.11   ]
[-1.623   -3.26775 -0.1     -0.11   ]
[-2.3105  -1.55775 -0.1     -0.11   ]
[-2.793   -3.26775 -0.1     -0.11   ]
[-2.3105  -3.33525 -0.1     -0.11   ]
[-3.8355  -1.49025 -0.1     -0.11   ]
[-3.8355  -1.15775 -0.1     -0.11   ]
[-3.8355  -1.54275 -0.1     -0.11   ]
[-2.423   -3.20025 -0.1     -0.11   ]
[-3.8355  -1.29025 -0.1     -0.11   ]
[-3.723   -1.55775 -0.1     -0.11   ]
[-2.423   -1.55775 -0.1     -0.11   ]
[-2.3105  -1.62525 -0.1     -0.11   ]
[-2.3105  -3.33525 -0.1     -0.11   ]
[-1.8105  -3.33525 -0.1     -0.11   ]
[-3.2355  -3.33525 -0.1     -0.11   ]
[-3.8355  -3.33525 -0.1     -0.11   ]
[-3.8355  -1.29025 -0.1     -0.11   ]
[-3.8355  -3.20025 -0.1     -0.11   ]
[-3.8355  -3.33525 -0.1     -0.11   ]
[-2.423   -1.55775 -0.1     -0.11   ]
[-3.8355  -1.55775 -0.1     -0.11   ]
[-2.5355  -1.49025 -0.1     -0.11   ]
[-2.9055  -3.33525 -0.1     -0.11   ]
[-2.3305  -2.05275 -0.1     -0.11   ]
[-2.868   -3.26775 -0.1     -0.11   ]
[-2.423   -3.33525 -0.1     -0.11   ]
[-2.5355  -3.33525 -0.1     -0.11   ]
[-2.5355  -3.33525 -0.1     -0.11   ]
[-3.8355  -1.62525 -0.1     -0.11   ]
[-3.8355  -1.55025 -0.1     -0.11   ]
[-1.943   -3.26775 -0.1     -0.11   ]
[-2.2355  -3.33525 -0.1     -0.11   ]
[-2.3855  -3.33525 -0.1     -0.11   ]
[-3.6855  -1.62525 -0.1     -0.11   ]
[-1.8105  -3.33525 -0.1     -0.11   ]
[-1.3105  -3.33525 -0.1     -0.11   ]
[-2.3105  -1.62525 -0.1     -0.11   ]
[-2.943   -3.33525 -0.1     -0.11   ]
[-2.423   -3.26775 -0.1     -0.11   ]
[-2.5355  -1.55775 -0.1     -0.11   ]
[-3.8355  -3.26775 -0.1     -0.11   ]
[-2.423   -3.26775 -0.1     -0.11   ]
[-3.3105  -3.33525 -0.1     -0.11   ]
[-1.773   -3.33525 -0.1     -0.11   ]
[-3.073   -1.62525 -0.1     -0.11   ]
[-2.5355  -3.00025 -0.1     -0.11   ]
[-3.723   -1.62525 -0.1     -0.11   ]
[-2.5355  -3.26775 -0.1     -0.11   ]
[-2.8305  -3.33525 -0.1     -0.11   ]
[-2.943   -3.33525 -0.1     -0.11   ]
[-3.0555  -2.05275 -0.1     -0.11   ]
[-2.8305  -3.33525 -0.1     -0.11   ]
[-2.293   -3.33525 -0.1     -0.11   ]
[-3.6105  -3.33525 -0.1     -0.11   ]
[-3.8355  -3.33525 -0.1     -0.11   ]
[-3.8355  -3.33525 -0.1     -0.11   ]
[-3.073   -3.33525 -0.1     -0.11   ]
[-2.5355  -3.33525 -0.1     -0.11   ]
[-3.723   -3.33525 -0.1     -0.11   ]
[-3.0555  -3.33525 -0.1     -0.11   ]
[-2.8305  -3.33525 -0.1     -0.11   ]
[-3.6105  -2.05275 -0.1     -0.11   ]
[-2.943   -3.26775 -0.1     -0.11   ]
[-1.8105  -3.33525 -0.1     -0.11   ]
[-2.423   -3.33525 -0.1     -0.11   ]
[-2.5355  -3.33525 -0.1     -0.11   ]
[-3.8355  -1.62525 -0.1     -0.11   ]
[-3.8355  -1.28275 -0.1     -0.11   ]
[-2.943   -3.20025 -0.1     -0.11   ]
[-1.3855  -3.33525 -0.1     -0.11   ]
[-1.773   -3.33525 -0.1     -0.11   ]
[-3.073   -1.62525 -0.1     -0.11   ]
[-1.773   -3.26775 -0.1     -0.11   ]
[-2.3105  -1.62525 -0.1     -0.11   ]
[-2.0105  -3.33525 -0.1     -0.11   ]
[-2.5355  -3.33525 -0.1     -0.11   ]
[-3.8355  -3.33525 -0.1     -0.11   ]
[-3.8355  -1.55775 -0.1     -0.11   ]
[-3.8355  -2.78525 -0.1     -0.11   ]
[-3.8355  -3.33525 -0.1     -0.11   ]
[-2.273   -1.55775 -0.1     -0.11   ]
[-2.9055  -3.26025 -0.1     -0.11   ]
[-2.423   -1.49025 -0.1     -0.11   ]
[-2.423   -1.55775 -0.1     -0.11   ]
[-3.6855  -3.26775 -0.1     -0.11   ]
[-2.3855  -1.55025 -0.1     -0.11   ]
[-3.3105  -1.98525 -0.1     -0.11   ]
[-2.3855  -1.55775 -0.1     -0.11   ]
[-2.348   -3.26775 -0.1     -0.11   ]
[-2.3105  -3.33525 -0.1     -0.11   ]
[-2.423   -1.49025 -0.1     -0.11   ]
[-3.723   -1.55025 -0.1     -0.11   ]
[-3.8355  -1.49025 -0.1     -0.11   ]
[-2.5355  -1.55775 -0.1     -0.11   ]
[-2.0105  -1.62525 -0.1     -0.11   ]
[-2.348   -1.62525 -0.1     -0.11   ]
[-2.2355  -3.33525 -0.1     -0.11   ]
[-2.3855  -3.33525 -0.1     -0.11   ]
[-3.6855  -1.62525 -0.1     -0.11   ]
[-3.8355  -1.29025 -0.1     -0.11   ]
[-3.8355  -1.29025 -0.1     -0.11   ]
[-2.5355  -3.26025 -0.1     -0.11   ]
[-3.8355  -1.55025 -0.1     -0.11   ]
[-3.8355  -1.48275 -0.1     -0.11   ]
[-2.5355  -1.49025 -0.1     -0.11   ]
[-3.8355  -1.53525 -0.1     -0.11   ]
[-3.723   -1.55775 -0.1     -0.11   ]
[-2.3105  -1.62525 -0.1     -0.11   ]
[-2.3105  -3.33525 -0.1     -0.11   ]
[-2.348   -1.62525 -0.1     -0.11   ]
[-2.3855  -1.55775 -0.1     -0.11   ]
[-2.793   -3.33525 -0.1     -0.11   ]
[-2.3105  -3.26775 -0.1     -0.11   ]
[-2.423   -1.62525 -0.1     -0.11   ]
[-2.423   -2.99275 -0.1     -0.11   ]
[-3.723   -1.28275 -0.1     -0.11   ]
[-2.5355  -3.20025 -0.1     -0.11   ]
[-2.3105  -1.62525 -0.1     -0.11   ]
[-1.773   -3.26775 -0.1     -0.11   ]
[-3.273   -1.62525 -0.1     -0.11   ]
[-1.973   -3.33525 -0.1     -0.11   ]
[-2.3105  -3.33525 -0.1     -0.11   ]
[-1.8105  -3.33525 -0.1     -0.11   ]
[-2.9355  -3.33525 -0.1     -0.11   ]
[-3.8355  -3.33525 -0.1     -0.11   ]
[-3.8355  -1.29025 -0.1     -0.11   ]
[-3.8355  -3.18525 -0.1     -0.11   ]
[-3.8355  -3.33525 -0.1     -0.11   ]
[-2.423   -1.55775 -0.1     -0.11   ]
[-3.8355  -1.49025 -0.1     -0.11   ]
[-3.8355  -1.49025 -0.1     -0.11   ]
[-2.5355  -1.55775 -0.1     -0.11   ]
[-2.5355  -1.49025 -0.1     -0.11   ]
[-2.3105  -3.33525 -0.1     -0.11   ]
[-2.793   -3.33525 -0.1     -0.11   ]
[-3.1105  -3.33525 -0.1     -0.11   ]
[-2.3855  -3.33525 -0.1     -0.11   ]
[-2.3105  -3.33525 -0.1     -0.11   ]
[-2.423   -1.62525 -0.1     -0.11   ]
[-2.423   -1.62525 -0.1     -0.11   ]
[-2.3855  -1.55025 -0.1     -0.11   ]
[-2.3105  -1.55775 -0.1     -0.11   ]
[-2.3855  -1.55775 -0.1     -0.11   ]
[-2.273   -3.26775 -0.1     -0.11   ]
[-2.3105  -3.33525 -0.1     -0.11   ]
[-2.423   -1.49025 -0.1     -0.11   ]
[-2.3105  -3.20025 -0.1     -0.11   ]
[-2.273   -1.55775 -0.1     -0.11   ]
[-2.3855  -3.33525 -0.1     -0.11   ]
[-2.943   -3.00025 -0.1     -0.11   ]
[-1.773   -3.26775 -0.1     -0.11   ]
[-3.073   -1.62525 -0.1     -0.11   ]
[-2.5355  -3.20025 -0.1     -0.11   ]
[-3.723   -1.55775 -0.1     -0.11   ]
[-2.5355  -3.24525 -0.1     -0.11   ]
[-3.8355  -1.53525 -0.1     -0.11   ]
[-2.423   -3.20025 -0.1     -0.11   ]
[-1.9055  -3.33525 -0.1     -0.11   ]
[-3.8355  -3.26775 -0.1     -0.11   ]
[-3.6105  -1.62525 -0.1     -0.11   ]
[-2.3105  -3.33525 -0.1     -0.11   ]
[-3.723   -3.33525 -0.1     -0.11   ]
[-3.8355  -3.33525 -0.1     -0.11   ]
[-1.8305  -3.33525 -0.1     -0.11   ]
[-3.6105  -3.33525 -0.1     -0.11   ]
[-3.8355  -1.49025 -0.1     -0.11   ]
[-3.8355  -2.78525 -0.1     -0.11   ]
[-3.8355  -3.33525 -0.1     -0.11   ]
[-2.0105  -3.33525 -0.1     -0.11   ]
[-2.5355  -3.33525 -0.1     -0.11   ]
[-3.8355  -3.33525 -0.1     -0.11   ]
[-1.773   -3.33525 -0.1     -0.11   ]
[-3.3105  -2.05275 -0.1     -0.11   ]
[-2.5305  -3.33525 -0.1     -0.11   ]
[-2.5355  -3.33525 -0.1     -0.11   ]
[-3.8355  -3.33525 -0.1     -0.11   ]
[-3.8355  -3.33525 -0.1     -0.11   ]
[-3.8355  -3.33525 -0.1     -0.11   ]
[-3.8355  -3.33525 -0.1     -0.11   ]
[-3.723   -1.54275 -0.1     -0.11   ]
[-3.8355  -1.49025 -0.1     -0.11   ]
[-3.8355  -1.55025 -0.1     -0.11   ]
[-1.823   -3.26775 -0.1     -0.11   ]
[-2.2355  -3.33525 -0.1     -0.11   ]
[-2.348   -1.62525 -0.1     -0.11   ]
[-2.423   -1.55775 -0.1     -0.11   ]
[-2.5355  -1.55775 -0.1     -0.11   ]
[-2.5355  -1.55775 -0.1     -0.11   ]
[-2.423   -1.55775 -0.1     -0.11   ]
[-2.3105  -1.62525 -0.1     -0.11   ]
[-1.773   -3.26775 -0.1     -0.11   ]
[-3.273   -1.62525 -0.1     -0.11   ]
[-1.973   -3.33525 -0.1     -0.11   ]
[-3.6105  -1.55775 -0.1     -0.11   ]
[-2.3105  -1.62525 -0.1     -0.11   ]
[-3.723   -1.55775 -0.1     -0.11   ]
[-2.2355  -3.33525 -0.1     -0.11   ]
[-2.423   -3.26775 -0.1     -0.11   ]
[-2.5355  -1.49025 -0.1     -0.11   ]
[-2.423   -3.20025 -0.1     -0.11   ]
[-3.8355  -1.55025 -0.1     -0.11   ]
[-3.8355  -1.29025 -0.1     -0.11   ]
[-3.8355  -1.47525 -0.1     -0.11   ]
[-3.6855  -1.62525 -0.1     -0.11   ]
[-2.5355  -1.55775 -0.1     -0.11   ]
[-3.8355  -1.49025 -0.1     -0.11   ]
[-1.8105  -3.33525 -0.1     -0.11   ]
[-1.7105  -3.33525 -0.1     -0.11   ]
[-2.3105  -3.33525 -0.1     -0.11   ]
[-2.273   -1.55775 -0.1     -0.11   ]
[-2.9055  -3.20025 -0.1     -0.11   ]
[-2.5355  -3.26025 -0.1     -0.11   ]
[-3.723   -1.28275 -0.1     -0.11   ]
[-2.423   -1.62525 -0.1     -0.11   ]
[-1.8105  -3.33525 -0.1     -0.11   ]
[-2.7355  -3.33525 -0.1     -0.11   ]
[-3.8355  -3.33525 -0.1     -0.11   ]
[-3.8355  -1.29025 -0.1     -0.11   ]
[-3.8355  -3.00025 -0.1     -0.11   ]
[-3.8355  -3.33525 -0.1     -0.11   ]
[-2.423   -3.26775 -0.1     -0.11   ]
[-3.8355  -1.49025 -0.1     -0.11   ]
[-3.8355  -1.49025 -0.1     -0.11   ]
[-2.348   -1.62525 -0.1     -0.11   ]
[-2.5355  -1.49025 -0.1     -0.11   ]
[-2.5355  -3.26025 -0.1     -0.11   ]
[-2.5355  -1.55775 -0.1     -0.11   ]
[-2.3855  -3.33525 -0.1     -0.11   ]
[-2.423   -1.62525 -0.1     -0.11   ]
[-2.3105  -1.55775 -0.1     -0.11   ]
[-3.6855  -1.49025 -0.1     -0.11   ]
[-2.0105  -1.62525 -0.1     -0.11   ]
[-3.6105  -1.83525 -0.1     -0.11   ]
[-2.423   -1.62525 -0.1     -0.11   ]
[-2.423   -1.48275 -0.1     -0.11   ]
[-2.3105  -3.33525 -0.1     -0.11   ]
[-3.723   -1.55775 -0.1     -0.11   ]
[-2.3855  -1.55025 -0.1     -0.11   ]
[-2.5355  -1.54275 -0.1     -0.11   ]
[-3.6855  -1.62525 -0.1     -0.11   ]
[-3.8355  -3.33525 -0.1     -0.11   ]
[-3.723   -3.33525 -0.1     -0.11   ]
[-2.9055  -3.33525 -0.1     -0.11   ]
[-2.943   -3.33525 -0.1     -0.11   ]
[-3.723   -3.33525 -0.1     -0.11   ]
[-3.8355  -3.33525 -0.1     -0.11   ]
[-3.8355  -3.33525 -0.1     -0.11   ]
[-1.943   -3.33525 -0.1     -0.11   ]
[-2.7555  -3.33525 -0.1     -0.11   ]
[-3.0555  -2.05275 -0.1     -0.11   ]
[-2.943   -3.26775 -0.1     -0.11   ]
[-2.5355  -3.33525 -0.1     -0.11   ]
[-2.5355  -3.33525 -0.1     -0.11   ]
[-2.5355  -3.33525 -0.1     -0.11   ]
[-3.8355  -1.62525 -0.1     -0.11   ]
[-2.3105  -1.55775 -0.1     -0.11   ]
[-2.793   -3.26775 -0.1     -0.11   ]
[-2.423   -3.33525 -0.1     -0.11   ]
[-2.423   -1.49025 -0.1     -0.11   ]
[-2.3105  -1.55775 -0.1     -0.11   ]
[-3.6855  -1.55025 -0.1     -0.11   ]
[-2.423   -3.20025 -0.1     -0.11   ]
[-3.723   -1.49025 -0.1     -0.11   ]
[-2.5355  -2.99275 -0.1     -0.11   ]
[-2.3105  -1.62525 -0.1     -0.11   ]
[-1.973   -3.26775 -0.1     -0.11   ]
[-3.073   -1.62525 -0.1     -0.11   ]
[-1.773   -3.33525 -0.1     -0.11   ]
[-3.6105  -1.55775 -0.1     -0.11   ]
[-3.8355  -1.49025 -0.1     -0.11   ]
[-2.5355  -1.55775 -0.1     -0.11   ]
[-2.5355  -1.35025 -0.1     -0.11   ]
[-3.8355  -1.55025 -0.1     -0.11   ]
[-2.5355  -1.49025 -0.1     -0.11   ]
[-2.423   -3.26775 -0.1     -0.11   ]
[-1.5105  -3.33525 -0.1     -0.11   ]
[-2.5355  -1.55775 -0.1     -0.11   ]
[-2.348   -1.62525 -0.1     -0.11   ]
[-2.348   -1.62525 -0.1     -0.11   ]
[-2.423   -1.62525 -0.1     -0.11   ]
[-2.5355  -1.55775 -0.1     -0.11   ]
[-2.423   -3.26775 -0.1     -0.11   ]
[-2.423   -1.55025 -0.1     -0.11   ]
[-2.3855  -1.55025 -0.1     -0.11   ]
[-2.423   -1.62525 -0.1     -0.11   ]
[-2.943   -3.33525 -0.1     -0.11   ]
[-3.6105  -3.33525 -0.1     -0.11   ]
[-2.8305  -3.33525 -0.1     -0.11   ]
[-2.273   -3.33525 -0.1     -0.11   ]
[-2.3105  -3.33525 -0.1     -0.11   ]
[-2.423   -1.62525 -0.1     -0.11   ]
[-3.723   -1.55775 -0.1     -0.11   ]
[-3.8355  -1.47525 -0.1     -0.11   ]
[-3.8355  -1.55025 -0.1     -0.11   ]
[-2.348   -3.26775 -0.1     -0.11   ]
[-2.3105  -1.55775 -0.1     -0.11   ]
[-2.273   -3.26775 -0.1     -0.11   ]
[-2.5355  -3.26025 -0.1     -0.11   ]
[-2.3855  -3.33525 -0.1     -0.11   ]
[-3.6855  -1.62525 -0.1     -0.11   ]
[-1.8105  -3.33525 -0.1     -0.11   ]
[-2.423   -3.33525 -0.1     -0.11   ]
[-2.3855  -3.33525 -0.1     -0.11   ]
[-2.3105  -3.33525 -0.1     -0.11   ]
[-2.423   -1.62525 -0.1     -0.11   ]
[-2.423   -1.55025 -0.1     -0.11   ]
[-2.9055  -3.19275 -0.1     -0.11   ]
[-1.923   -1.55775 -0.1     -0.11   ]
[-2.3855  -1.55775 -0.1     -0.11   ]
[-2.273   -3.26775 -0.1     -0.11   ]
[-2.3105  -3.33525 -0.1     -0.11   ]
[-2.423   -3.33525 -0.1     -0.11   ]
[-3.723   -1.62525 -0.1     -0.11   ]
[-3.8355  -1.47525 -0.1     -0.11   ]
[-3.8355  -1.55025 -0.1     -0.11   ]
[-2.5355  -3.26775 -0.1     -0.11   ]
[-2.2355  -3.33525 -0.1     -0.11   ]
[-2.348   -1.62525 -0.1     -0.11   ]
[-2.423   -1.55775 -0.1     -0.11   ]
[-2.5355  -1.55775 -0.1     -0.11   ]
[-2.5355  -1.55775 -0.1     -0.11   ]
[-2.423   -1.55775 -0.1     -0.11   ]
[-2.423   -1.62525 -0.1     -0.11   ]
[-2.3105  -3.33525 -0.1     -0.11   ]
[-1.773   -3.33525 -0.1     -0.11   ]
[-3.6105  -1.55775 -0.1     -0.11   ]
[-2.3105  -1.62525 -0.1     -0.11   ]
[-3.723   -1.55775 -0.1     -0.11   ]
[-1.5105  -3.33525 -0.1     -0.11   ]
[-2.423   -3.26775 -0.1     -0.11   ]
[-2.5355  -1.49025 -0.1     -0.11   ]
[-3.8355  -1.29025 -0.1     -0.11   ]
[-3.8355  -1.55775 -0.1     -0.11   ]
[-3.6855  -1.62525 -0.1     -0.11   ]
[-2.5355  -1.55775 -0.1     -0.11   ]
[-3.8355  -1.49025 -0.1     -0.11   ]
[-1.8105  -3.33525 -0.1     -0.11   ]
[-2.423   -3.33525 -0.1     -0.11   ]
[-3.073   -1.62525 -0.1     -0.11   ]
[-1.973   -3.26775 -0.1     -0.11   ]
[-2.273   -1.55775 -0.1     -0.11   ]
[-2.3105  -1.55775 -0.1     -0.11   ]
[-2.423   -1.49025 -0.1     -0.11   ]
[-2.943   -3.33525 -0.1     -0.11   ]
[-2.273   -3.26775 -0.1     -0.11   ]
[-2.3105  -1.55775 -0.1     -0.11   ]
[-3.8355  -3.26775 -0.1     -0.11   ]
[-1.423   -3.26775 -0.1     -0.11   ]
[-3.2355  -3.33525 -0.1     -0.11   ]
[-2.3855  -3.33525 -0.1     -0.11   ]
[-3.6855  -1.62525 -0.1     -0.11   ]
[-3.8355  -2.79275 -0.1     -0.11   ]
[-3.8355  -1.62525 -0.1     -0.11   ]
[-2.5355  -3.26775 -0.1     -0.11   ]
[-1.8305  -3.33525 -0.1     -0.11   ]
[-2.5355  -3.33525 -0.1     -0.11   ]
[-2.943   -3.33525 -0.1     -0.11   ]
[-3.0555  -3.33525 -0.1     -0.11   ]
[-2.8305  -3.33525 -0.1     -0.11   ]
[-3.8355  -2.05275 -0.1     -0.11   ]
[-3.8355  -3.26775 -0.1     -0.11   ]
[-2.5355  -3.33525 -0.1     -0.11   ]
[-2.5355  -3.33525 -0.1     -0.11   ]
[-2.423   -3.33525 -0.1     -0.11   ]
[-2.5355  -1.62525 -0.1     -0.11   ]
[-2.5355  -1.55775 -0.1     -0.11   ]
[-2.6105  -3.26775 -0.1     -0.11   ]
[-2.5355  -1.62525 -0.1     -0.11   ]
[-2.423   -1.62525 -0.1     -0.11   ]
[-2.3105  -3.33525 -0.1     -0.11   ]
[-2.423   -1.35775 -0.1     -0.11   ]
[-3.723   -3.20025 -0.1     -0.11   ]
[-2.3105  -1.55775 -0.1     -0.11   ]
[-3.6855  -1.62525 -0.1     -0.11   ]
[-2.423   -3.26775 -0.1     -0.11   ]
[-2.423   -1.55025 -0.1     -0.11   ]
[-2.3105  -3.26025 -0.1     -0.11   ]
[-3.6105  -3.33525 -0.1     -0.11   ]
[-2.423   -3.33525 -0.1     -0.11   ]
[-2.3855  -3.33525 -0.1     -0.11   ]
[-2.5355  -1.62525 -0.1     -0.11   ]
[-2.423   -1.55775 -0.1     -0.11   ]
[-2.348   -1.62525 -0.1     -0.11   ]
[-2.423   -3.26775 -0.1     -0.11   ]
[-3.723   -1.55775 -0.1     -0.11   ]
[-3.8355  -1.55775 -0.1     -0.11   ]
[-2.5355  -1.49025 -0.1     -0.11   ]
[-2.423   -3.26775 -0.1     -0.11   ]
[-2.423   -3.33525 -0.1     -0.11   ]
[-3.723   -3.20025 -0.1     -0.11   ]
[-2.5355  -1.54275 -0.1     -0.11   ]
[-2.423   -1.55775 -0.1     -0.11   ]
[-2.5355  -1.62525 -0.1     -0.11   ]
[-2.3855  -3.33525 -0.1     -0.11   ]
[-1.773   -3.33525 -0.1     -0.11   ]
[-3.6105  -1.55775 -0.1     -0.11   ]
[-3.073   -1.62525 -0.1     -0.11   ]
[-2.423   -3.26775 -0.1     -0.11   ]
[-2.3105  -1.62525 -0.1     -0.11   ]
[-2.5355  -2.99275 -0.1     -0.11   ]
[-3.8355  -1.28275 -0.1     -0.11   ]
[-1.8105  -3.33525 -0.1     -0.11   ]
[-3.573   -3.33525 -0.1     -0.11   ]
[-3.8355  -3.33525 -0.1     -0.11   ]
[-3.8355  -1.29025 -0.1     -0.11   ]
[-3.8355  -3.19275 -0.1     -0.11   ]
[-3.8355  -3.33525 -0.1     -0.11   ]
[-3.8355  -1.55775 -0.1     -0.11   ]
[-3.8355  -1.55025 -0.1     -0.11   ]
[-3.0555  -3.26775 -0.1     -0.11   ]
[-2.5355  -3.26025 -0.1     -0.11   ]
[-2.423   -3.33525 -0.1     -0.11   ]
[-1.8105  -3.33525 -0.1     -0.11   ]
[-3.6855  -1.62525 -0.1     -0.11   ]
[-3.8355  -1.55775 -0.1     -0.11   ]
[-2.3855  -3.33525 -0.1     -0.11   ]
[-3.723   -3.33525 -0.1     -0.11   ]
[-2.423   -3.20025 -0.1     -0.11   ]
[-3.8355  -1.29025 -0.1     -0.11   ]
[-2.3105  -1.62525 -0.1     -0.11   ]
[-2.5355  -1.62525 -0.1     -0.11   ]
[-3.8355  -3.26025 -0.1     -0.11   ]
[-2.2355  -3.33525 -0.1     -0.11   ]
[-2.5355  -1.49025 -0.1     -0.11   ]
[-3.8355  -1.55025 -0.1     -0.11   ]
[-2.5355  -1.62525 -0.1     -0.11   ]
[-2.3105  -1.55775 -0.1     -0.11   ]
[-1.423   -3.26775 -0.1     -0.11   ]
[-3.8355  -1.55025 -0.1     -0.11   ]
[-2.5355  -3.26025 -0.1     -0.11   ]
[-1.3105  -3.33525 -0.1     -0.11   ]
[-2.423   -3.33525 -0.1     -0.11   ]
[-3.6855  -1.62525 -0.1     -0.11   ]
[-3.8355  -1.09025 -0.1     -0.11   ]
[-2.3855  -3.33525 -0.1     -0.11   ]
[-2.5355  -1.62525 -0.1     -0.11   ]
[-2.5355  -3.33525 -0.1     -0.11   ]
[-3.8355  -1.55775 -0.1     -0.11   ]
[-3.723   -3.33525 -0.1     -0.11   ]
[-2.3105  -3.33525 -0.1     -0.11   ]
[-2.423   -3.33525 -0.1     -0.11   ]
[-3.8355  -3.26775 -0.1     -0.11   ]
[-2.5355  -1.62525 -0.1     -0.11   ]
[-3.8355  -1.55775 -0.1     -0.11   ]
[-2.5355  -1.35025 -0.1     -0.11   ]
[-3.723   -1.55775 -0.1     -0.11   ]
[-2.3855  -3.33525 -0.1     -0.11   ]
[-3.723   -3.33525 -0.1     -0.11   ]
[-1.8855  -1.62525 -0.1     -0.11   ]
[-3.723   -1.15775 -0.1     -0.11   ]
[-3.5355  -3.26775 -0.1     -0.11   ]
[-3.723   -1.55775 -0.1     -0.11   ]
[-2.423   -3.33525 -0.1     -0.11   ]
[-2.423   -3.26775 -0.1     -0.11   ]
[-3.8355  -1.55775 -0.1     -0.11   ]
[-2.5355  -2.80025 -0.1     -0.11   ]
[-3.8355  -1.55775 -0.1     -0.11   ]
[-3.8355  -1.62525 -0.1     -0.11   ]
[-3.8355  -1.62525 -0.1     -0.11   ]
[-3.6105  -3.33525 -0.1     -0.11   ]
[-3.8355  -3.33525 -0.1     -0.11   ]
[-2.423   -3.33525 -0.1     -0.11   ]
[-3.8355  -1.55775 -0.1     -0.11   ]
[-3.8355  -3.20025 -0.1     -0.11   ]
[-3.723   -1.15775 -0.1     -0.11   ]
[-3.573   -2.05275 -0.1     -0.11   ]
[-2.793   -3.33525 -0.1     -0.11   ]
[-2.8305  -3.33525 -0.1     -0.11   ]
[-3.6855  -3.33525 -0.1     -0.11   ]
[-2.423   -3.33525 -0.1     -0.11   ]
[-2.423   -3.33525 -0.1     -0.11   ]
[-2.5355  -1.62525 -0.1     -0.11   ]
[-2.423   -1.55775 -0.1     -0.11   ]
[-2.943   -3.26025 -0.1     -0.11   ]
[-1.8105  -1.62525 -0.1     -0.11   ]
[-2.423   -1.55775 -0.1     -0.11   ]
[-2.348   -1.62525 -0.1     -0.11   ]
[-2.423   -1.62525 -0.1     -0.11   ]
[-2.5355  -3.20025 -0.1     -0.11   ]
[-3.8355  -1.49025 -0.1     -0.11   ]
[-3.8355  -1.29025 -0.1     -0.11   ]
[-2.5355  -3.26025 -0.1     -0.11   ]
[-1.5105  -3.33525 -0.1     -0.11   ]
[-1.8105  -3.33525 -0.1     -0.11   ]
[-2.3105  -1.62525 -0.1     -0.11   ]
[-3.6105  -1.55775 -0.1     -0.11   ]
[-3.8355  -1.49025 -0.1     -0.11   ]
[-3.8355  -1.55775 -0.1     -0.11   ]
[-2.423   -3.20025 -0.1     -0.11   ]
[-2.3105  -3.33525 -0.1     -0.11   ]
[-2.5355  -3.26775 -0.1     -0.11   ]
[-1.773   -3.33525 -0.1     -0.11   ]
[-3.073   -1.62525 -0.1     -0.11   ]
[-1.773   -3.26775 -0.1     -0.11   ]
[-3.8355  -1.55025 -0.1     -0.11   ]
[-1.623   -3.26775 -0.1     -0.11   ]
[-2.3105  -1.55775 -0.1     -0.11   ]
[-2.793   -3.26775 -0.1     -0.11   ]
[-2.9055  -3.26025 -0.1     -0.11   ]
[-2.3855  -3.33525 -0.1     -0.11   ]
[-2.423   -3.33525 -0.1     -0.11   ]
[-2.423   -3.33525 -0.1     -0.11   ]
[-3.723   -1.62525 -0.1     -0.11   ]
[-3.8355  -1.49025 -0.1     -0.11   ]
[-2.8305  -3.20025 -0.1     -0.11   ]
[-2.273   -3.33525 -0.1     -0.11   ]
[-2.3105  -3.33525 -0.1     -0.11   ]
[-2.423   -1.62525 -0.1     -0.11   ]
[-2.348   -1.62525 -0.1     -0.11   ]
[-1.8105  -1.62525 -0.1     -0.11   ]
[-1.5105  -3.33525 -0.1     -0.11   ]
[-1.8105  -3.33525 -0.1     -0.11   ]
[-3.6855  -1.62525 -0.1     -0.11   ]
[-3.8355  -1.55775 -0.1     -0.11   ]
[-3.8355  -1.29025 -0.1     -0.11   ]
[-2.5355  -1.49025 -0.1     -0.11   ]
[-2.423   -3.26775 -0.1     -0.11   ]
[-2.2355  -3.33525 -0.1     -0.11   ]
[-2.3305  -3.26775 -0.1     -0.11   ]
[-2.423   -1.62525 -0.1     -0.11   ]
[-2.423   -1.55775 -0.1     -0.11   ]
[-2.5355  -3.26775 -0.1     -0.11   ]
[-2.3105  -1.62525 -0.1     -0.11   ]
[-2.493   -3.26775 -0.1     -0.11   ]
[-3.073   -1.62525 -0.1     -0.11   ]
[-2.5355  -1.35775 -0.1     -0.11   ]
[-3.723   -3.20025 -0.1     -0.11   ]
[-3.8355  -1.29025 -0.1     -0.11   ]
[-3.8355  -3.24525 -0.1     -0.11   ]
[-3.8355  -3.33525 -0.1     -0.11   ]
[-3.8355  -3.33525 -0.1     -0.11   ]
[-3.5355  -3.33525 -0.1     -0.11   ]
[-1.773   -3.33525 -0.1     -0.11   ]
[-3.6105  -1.55775 -0.1     -0.11   ]
[-3.8355  -1.49025 -0.1     -0.11   ]
[-3.8355  -1.62525 -0.1     -0.11   ]
[-2.5355  -3.33525 -0.1     -0.11   ]
[-1.8105  -3.33525 -0.1     -0.11   ]
[-2.5355  -1.35775 -0.1     -0.11   ]
[-3.8355  -1.55775 -0.1     -0.11   ]
[-3.8355  -1.55025 -0.1     -0.11   ]
[-1.623   -3.26775 -0.1     -0.11   ]
[-3.723   -1.62525 -0.1     -0.11   ]
[-2.3105  -3.33525 -0.1     -0.11   ]
[-3.8355  -1.55775 -0.1     -0.11   ]
[-2.423   -3.20025 -0.1     -0.11   ]
[-2.3855  -3.33525 -0.1     -0.11   ]
[-2.3105  -1.62525 -0.1     -0.11   ]
[-2.5355  -3.26025 -0.1     -0.11   ]
[-2.2355  -3.33525 -0.1     -0.11   ]
[-2.423   -1.55775 -0.1     -0.11   ]
[-3.723   -1.55775 -0.1     -0.11   ]
[-2.5355  -1.55775 -0.1     -0.11   ]
[-2.423   -3.33525 -0.1     -0.11   ]
[-2.5355  -1.62525 -0.1     -0.11   ]
[-2.5355  -1.62525 -0.1     -0.11   ]
[-3.8355  -1.54275 -0.1     -0.11   ]
[-3.723   -3.26775 -0.1     -0.11   ]
[-2.423   -1.62525 -0.1     -0.11   ]
[-2.3105  -3.33525 -0.1     -0.11   ]
[-3.6855  -3.33525 -0.1     -0.11   ]
[-2.793   -3.33525 -0.1     -0.11   ]
[-3.1105  -3.33525 -0.1     -0.11   ]
[-3.723   -1.55775 -0.1     -0.11   ]
[-2.3855  -3.33525 -0.1     -0.11   ]
[-2.5355  -1.55775 -0.1     -0.11   ]
[-2.423   -3.26775 -0.1     -0.11   ]
[-2.943   -3.33525 -0.1     -0.11   ]
[-3.8355  -1.15775 -0.1     -0.11   ]
[-2.5355  -1.49025 -0.1     -0.11   ]
[-3.6855  -1.62525 -0.1     -0.11   ]
[-2.3105  -3.33525 -0.1     -0.11   ]
[-3.723   -1.55775 -0.1     -0.11   ]
[-2.2355  -3.33525 -0.1     -0.11   ]
[-2.5355  -1.49025 -0.1     -0.11   ]
[-3.8355  -1.29025 -0.1     -0.11   ]
[-3.8355  -3.20025 -0.1     -0.11   ]
[-3.8355  -3.33525 -0.1     -0.11   ]
[-1.8105  -3.33525 -0.1     -0.11   ]
[-3.2355  -3.33525 -0.1     -0.11   ]
[-3.8355  -3.33525 -0.1     -0.11   ]
[-2.2355  -3.33525 -0.1     -0.11   ]
[-2.9055  -3.33525 -0.1     -0.11   ]
[-2.3105  -1.62525 -0.1     -0.11   ]
[-2.5355  -1.55775 -0.1     -0.11   ]
[-2.5355  -3.20025 -0.1     -0.11   ]
[-3.8355  -1.55775 -0.1     -0.11   ]
[-3.723   -1.62525 -0.1     -0.11   ]
[-2.423   -3.33525 -0.1     -0.11   ]
[-3.723   -3.33525 -0.1     -0.11   ]
[-3.8355  -3.33525 -0.1     -0.11   ]
[-2.8305  -3.33525 -0.1     -0.11   ]
[-3.073   -3.33525 -0.1     -0.11   ]
[-3.723   -1.62525 -0.1     -0.11   ]
[-3.8355  -3.26775 -0.1     -0.11   ]
[-3.8355  -1.55025 -0.1     -0.11   ]
[-1.423   -3.26775 -0.1     -0.11   ]
[-2.7555  -3.33525 -0.1     -0.11   ]
[-2.5355  -3.26025 -0.1     -0.11   ]
[-2.0305  -3.33525 -0.1     -0.11   ]
[-1.8105  -3.33525 -0.1     -0.11   ]
[-3.6855  -1.62525 -0.1     -0.11   ]
[-3.8355  -3.20025 -0.1     -0.11   ]
[-2.3105  -1.62525 -0.1     -0.11   ]
[-3.723   -3.20025 -0.1     -0.11   ]
[-3.8355  -1.62525 -0.1     -0.11   ]
[-2.5355  -1.49025 -0.1     -0.11   ]
[-2.943   -3.26775 -0.1     -0.11   ]
[-2.423   -3.20025 -0.1     -0.11   ]
[-2.3105  -3.33525 -0.1     -0.11   ]
[-1.773   -3.33525 -0.1     -0.11   ]
[-3.073   -1.62525 -0.1     -0.11   ]
[-2.5355  -1.62525 -0.1     -0.11   ]
[-3.723   -3.26775 -0.1     -0.11   ]
[-2.5355  -3.33525 -0.1     -0.11   ]
[-2.3105  -1.62525 -0.1     -0.11   ]
[-1.8105  -3.33525 -0.1     -0.11   ]
[-2.7355  -3.33525 -0.1     -0.11   ]
[-3.8355  -3.33525 -0.1     -0.11   ]
[-3.8355  -3.33525 -0.1     -0.11   ]
[-3.8355  -3.26025 -0.1     -0.11   ]
[-3.8355  -1.29025 -0.1     -0.11   ]
[-1.943   -3.26775 -0.1     -0.11   ]
[-3.8355  -1.62525 -0.1     -0.11   ]
[-3.8355  -1.62525 -0.1     -0.11   ]
[-2.5355  -3.33525 -0.1     -0.11   ]
[-2.423   -3.33525 -0.1     -0.11   ]
[-3.6105  -1.55775 -0.1     -0.11   ]
[-3.8355  -1.55775 -0.1     -0.11   ]
[-2.3855  -3.33525 -0.1     -0.11   ]
[-2.8305  -3.33525 -0.1     -0.11   ]
[-2.423   -3.20025 -0.1     -0.11   ]
[-3.8355  -1.28275 -0.1     -0.11   ]
[-2.5355  -2.99275 -0.1     -0.11   ]
[-3.723   -1.55025 -0.1     -0.11   ]
[-2.3105  -1.62525 -0.1     -0.11   ]
[-1.8105  -3.33525 -0.1     -0.11   ]
[-3.0355  -3.33525 -0.1     -0.11   ]
[-3.8355  -3.33525 -0.1     -0.11   ]
[-3.8355  -1.29025 -0.1     -0.11   ]
[-3.8355  -3.00025 -0.1     -0.11   ]
[-3.8355  -3.33525 -0.1     -0.11   ]
[-2.423   -1.55025 -0.1     -0.11   ]
[-3.8355  -1.49025 -0.1     -0.11   ]
[-3.8355  -1.49025 -0.1     -0.11   ]
[-1.8105  -1.62525 -0.1     -0.11   ]
[-2.5355  -1.49025 -0.1     -0.11   ]
[-2.5355  -3.26025 -0.1     -0.11   ]
[-2.5355  -1.54275 -0.1     -0.11   ]
[-2.3855  -3.33525 -0.1     -0.11   ]
[-2.423   -1.62525 -0.1     -0.11   ]
[-3.8355  -1.98525 -0.1     -0.11   ]
[-3.6855  -1.49025 -0.1     -0.11   ]
[-2.348   -1.62525 -0.1     -0.11   ]
[-2.3105  -3.26025 -0.1     -0.11   ]
[-3.723   -1.55775 -0.1     -0.11   ]
[-2.3855  -3.26775 -0.1     -0.11   ]
[-2.5355  -1.55775 -0.1     -0.11   ]
[-2.423   -1.62525 -0.1     -0.11   ]
[-2.943   -3.26775 -0.1     -0.11   ]
[-3.723   -1.62525 -0.1     -0.11   ]
[-3.6855  -3.33525 -0.1     -0.11   ]
[-2.3105  -3.26025 -0.1     -0.11   ]
[-3.723   -1.54275 -0.1     -0.11   ]
[-3.8355  -1.49025 -0.1     -0.11   ]
[-2.3105  -3.33525 -0.1     -0.11   ]
[-2.2355  -3.33525 -0.1     -0.11   ]
[-2.2355  -3.33525 -0.1     -0.11   ]
[-2.443   -3.20025 -0.1     -0.11   ]
[-2.5355  -1.54275 -0.1     -0.11   ]
[-3.8355  -1.49025 -0.1     -0.11   ]
[-2.423   -3.20025 -0.1     -0.11   ]
[-3.8355  -1.29025 -0.1     -0.11   ]
[-3.723   -1.55775 -0.1     -0.11   ]
[-2.423   -1.55775 -0.1     -0.11   ]
[-2.3855  -1.62525 -0.1     -0.11   ]
[-2.3105  -1.62525 -0.1     -0.11   ]
[-2.3105  -3.33525 -0.1     -0.11   ]
[-1.8105  -3.33525 -0.1     -0.11   ]
[-3.5355  -3.33525 -0.1     -0.11   ]
[-3.8355  -3.33525 -0.1     -0.11   ]
[-3.8355  -1.29025 -0.1     -0.11   ]
[-3.8355  -3.18525 -0.1     -0.11   ]
[-3.8355  -3.33525 -0.1     -0.11   ]
[-2.423   -1.55775 -0.1     -0.11   ]
[-3.8355  -1.28275 -0.1     -0.11   ]
[-2.5355  -1.49025 -0.1     -0.11   ]
[-2.3855  -1.55775 -0.1     -0.11   ]
[-3.273   -1.98525 -0.1     -0.11   ]
[-1.8855  -1.62525 -0.1     -0.11   ]
[-3.723   -1.15775 -0.1     -0.11   ]
[-2.3855  -3.33525 -0.1     -0.11   ]
[-2.2355  -3.33525 -0.1     -0.11   ]
[-3.6855  -1.62525 -0.1     -0.11   ]
[-2.943   -3.33525 -0.1     -0.11   ]
[-1.3105  -3.33525 -0.1     -0.11   ]
[-2.5355  -3.33525 -0.1     -0.11   ]
[-3.8355  -3.26775 -0.1     -0.11   ]
[-3.8355  -1.62525 -0.1     -0.11   ]
[-2.9055  -3.33525 -0.1     -0.11   ]
[-1.423   -3.26775 -0.1     -0.11   ]
[-2.423   -1.55775 -0.1     -0.11   ]
[-3.723   -2.99275 -0.1     -0.11   ]
[-3.8355  -1.62525 -0.1     -0.11   ]
[-3.8355  -1.62525 -0.1     -0.11   ]
[-3.723   -3.33525 -0.1     -0.11   ]
[-2.3305  -3.33525 -0.1     -0.11   ]
[100. 100. 100. 100.]
[-3.8355  -3.26025 -0.1     -0.11   ]
[-2.5355  -3.33525 -0.1     -0.11   ]
[-2.423   -3.33525 -0.1     -0.11   ]
[-2.423   -3.33525 -0.1     -0.11   ]
[-2.3855  -1.62525 -0.1     -0.11   ]
[-2.3105  -1.55775 -0.1     -0.11   ]
[-3.573   -3.20025 -0.1     -0.11   ]
[-2.5355  -1.55025 -0.1     -0.11   ]
[-2.423   -1.35775 -0.1     -0.11   ]
[-2.3105  -1.55775 -0.1     -0.11   ]
[-2.3855  -1.62525 -0.1     -0.11   ]
[-2.3855  -3.26775 -0.1     -0.11   ]
[-2.5355  -1.55775 -0.1     -0.11   ]
[-2.5355  -1.29025 -0.1     -0.11   ]
[-2.423   -1.55775 -0.1     -0.11   ]
[-2.423   -1.62525 -0.1     -0.11   ]
[-1.8105  -1.62525 -0.1     -0.11   ]
[-1.3105  -3.33525 -0.1     -0.11   ]
[-2.3105  -1.62525 -0.1     -0.11   ]
[-3.723   -1.55775 -0.1     -0.11   ]
[-2.423   -1.62525 -0.1     -0.11   ]
[-2.5355  -1.15775 -0.1     -0.11   ]
[-3.8355  -1.55775 -0.1     -0.11   ]
[-3.8355  -1.29025 -0.1     -0.11   ]
[-2.5355  -3.26025 -0.1     -0.11   ]
[-2.423   -3.33525 -0.1     -0.11   ]
[-3.8355  -1.55025 -0.1     -0.11   ]
[-2.5355  -3.26775 -0.1     -0.11   ]
[-2.2355  -3.33525 -0.1     -0.11   ]
[-2.3855  -3.33525 -0.1     -0.11   ]
[-3.723   -1.62525 -0.1     -0.11   ]
[-2.423   -3.33525 -0.1     -0.11   ]
[-3.723   -1.54275 -0.1     -0.11   ]
[-3.8355  -1.49025 -0.1     -0.11   ]
[-2.5355  -1.55775 -0.1     -0.11   ]
[-2.423   -1.55025 -0.1     -0.11   ]
[-2.3105  -3.26025 -0.1     -0.11   ]
[-3.8355  -3.20025 -0.1     -0.11   ]
[-3.8355  -1.47525 -0.1     -0.11   ]
[-2.5355  -1.49025 -0.1     -0.11   ]
[-2.423   -3.20025 -0.1     -0.11   ]
[-3.8355  -1.28275 -0.1     -0.11   ]
[-2.5355  -2.99275 -0.1     -0.11   ]
[-3.723   -1.55025 -0.1     -0.11   ]
[-2.5355  -1.49025 -0.1     -0.11   ]
[-3.073   -1.62525 -0.1     -0.11   ]
[-2.3855  -3.26775 -0.1     -0.11   ]
[-1.773   -3.33525 -0.1     -0.11   ]
[-3.8355  -1.29025 -0.1     -0.11   ]
[-3.8355  -2.80025 -0.1     -0.11   ]
[-3.8355  -3.33525 -0.1     -0.11   ]
[-1.8105  -3.33525 -0.1     -0.11   ]
[-2.6105  -3.33525 -0.1     -0.11   ]
[-3.8355  -3.33525 -0.1     -0.11   ]
[-3.6855  -1.62525 -0.1     -0.11   ]
[-2.348   -1.62525 -0.1     -0.11   ]
[-2.3105  -3.33525 -0.1     -0.11   ]
[-1.8105  -3.33525 -0.1     -0.11   ]
[-3.6105  -1.55775 -0.1     -0.11   ]
[-2.423   -3.26775 -0.1     -0.11   ]
[-2.3105  -1.55775 -0.1     -0.11   ]
[-2.423   -1.49025 -0.1     -0.11   ]
[-3.723   -1.49025 -0.1     -0.11   ]
[-3.8355  -1.55775 -0.1     -0.11   ]
[-2.3105  -1.55775 -0.1     -0.11   ]
[-2.273   -3.26775 -0.1     -0.11   ]
[-1.423   -3.26775 -0.1     -0.11   ]
[-2.3105  -3.33525 -0.1     -0.11   ]
[-2.423   -3.33525 -0.1     -0.11   ]
[-3.723   -1.62525 -0.1     -0.11   ]
[-3.8355  -1.09025 -0.1     -0.11   ]
[-3.8355  -1.55775 -0.1     -0.11   ]
[-2.5355  -3.26775 -0.1     -0.11   ]
[-1.3105  -3.33525 -0.1     -0.11   ]
[-2.5355  -3.26775 -0.1     -0.11   ]
[-2.423   -3.33525 -0.1     -0.11   ]
[-1.3105  -3.33525 -0.1     -0.11   ]
[-3.723   -3.33525 -0.1     -0.11   ]
[-3.8355  -1.55775 -0.1     -0.11   ]
[-2.5355  -1.62525 -0.1     -0.11   ]
[-2.423   -3.33525 -0.1     -0.11   ]
[-2.5355  -1.62525 -0.1     -0.11   ]
[-3.8355  -1.55775 -0.1     -0.11   ]
[-3.8355  -1.53525 -0.1     -0.11   ]
[-2.5355  -1.62525 -0.1     -0.11   ]
[-2.423   -3.33525 -0.1     -0.11   ]
[-3.723   -1.15775 -0.1     -0.11   ]
[-2.3105  -3.33525 -0.1     -0.11   ]
[-2.3105  -1.62525 -0.1     -0.11   ]
[-2.5355  -1.54275 -0.1     -0.11   ]
[-2.423   -1.49025 -0.1     -0.11   ]
[-3.8355  -1.09025 -0.1     -0.11   ]
[-2.423   -1.55775 -0.1     -0.11   ]
[-3.8355  -1.49025 -0.1     -0.11   ]
[-2.273   -3.33525 -0.1     -0.11   ]
[-3.6855  -1.49025 -0.1     -0.11   ]
[-3.723   -3.19275 -0.1     -0.11   ]
[-1.423   -1.62525 -0.1     -0.11   ]
[-2.5355  -1.29025 -0.1     -0.11   ]
[-2.423   -1.55775 -0.1     -0.11   ]
[-1.8105  -1.62525 -0.1     -0.11   ]
[-2.423   -1.55775 -0.1     -0.11   ]
[-2.423   -3.20025 -0.1     -0.11   ]
[-2.423   -1.55775 -0.1     -0.11   ]
[-2.5355  -1.62525 -0.1     -0.11   ]
[-3.8355  -1.62525 -0.1     -0.11   ]
[-2.6105  -3.33525 -0.1     -0.11   ]
[-2.9055  -3.33525 -0.1     -0.11   ]
[-3.6855  -3.33525 -0.1     -0.11   ]
[-3.8355  -3.33525 -0.1     -0.11   ]
[-3.8355  -3.33525 -0.1     -0.11   ]
[-3.0555  -3.33525 -0.1     -0.11   ]
[-2.3305  -3.33525 -0.1     -0.11   ]
[-3.6105  -1.55775 -0.1     -0.11   ]
[-2.5355  -1.55775 -0.1     -0.11   ]
[-2.423   -3.20025 -0.1     -0.11   ]
[-2.5355  -1.49025 -0.1     -0.11   ]
[-2.423   -3.20025 -0.1     -0.11   ]
[-1.8105  -3.33525 -0.1     -0.11   ]
[-1.623   -3.26775 -0.1     -0.11   ]
[-2.423   -1.55775 -0.1     -0.11   ]
[-1.5105  -3.33525 -0.1     -0.11   ]
[-2.5355  -1.55025 -0.1     -0.11   ]
[-2.423   -3.26775 -0.1     -0.11   ]
[-3.723   -1.35775 -0.1     -0.11   ]
[-2.423   -1.62525 -0.1     -0.11   ]
[-3.6855  -1.49025 -0.1     -0.11   ]
[-2.5305  -2.05275 -0.1     -0.11   ]
[-2.423   -1.55775 -0.1     -0.11   ]
[-2.423   -1.62525 -0.1     -0.11   ]
[-3.723   -1.15775 -0.1     -0.11   ]
[-2.3105  -1.55775 -0.1     -0.11   ]
[-2.943   -3.25275 -0.1     -0.11   ]
[-2.3855  -1.55025 -0.1     -0.11   ]
[-3.0555  -3.33525 -0.1     -0.11   ]
[-2.5355  -2.99275 -0.1     -0.11   ]
[-3.6105  -3.33525 -0.1     -0.11   ]
[-2.5355  -1.62525 -0.1     -0.11   ]
[-2.3105  -1.62525 -0.1     -0.11   ]
[-2.3855  -3.33525 -0.1     -0.11   ]
[-3.0555  -3.33525 -0.1     -0.11   ]
[-3.8355  -1.62525 -0.1     -0.11   ]
[-3.8355  -3.26775 -0.1     -0.11   ]
[-3.8355  -3.33525 -0.1     -0.11   ]
[-1.8105  -3.33525 -0.1     -0.11   ]
[-2.5355  -3.33525 -0.1     -0.11   ]
[-3.8355  -3.33525 -0.1     -0.11   ]
[-2.293   -3.33525 -0.1     -0.11   ]
[-2.943   -3.33525 -0.1     -0.11   ]
[-3.8355  -1.98525 -0.1     -0.11   ]
[-3.8355  -3.26025 -0.1     -0.11   ]
[-2.3855  -3.33525 -0.1     -0.11   ]
[-2.3855  -3.33525 -0.1     -0.11   ]
[-2.423   -3.33525 -0.1     -0.11   ]
[-2.5355  -1.62525 -0.1     -0.11   ]
[-2.5355  -1.54275 -0.1     -0.11   ]
[-3.723   -3.20025 -0.1     -0.11   ]
[-2.5355  -1.62525 -0.1     -0.11   ]
[-2.348   -1.62525 -0.1     -0.11   ]
[-2.2355  -3.33525 -0.1     -0.11   ]
[-2.3855  -3.33525 -0.1     -0.11   ]
[-3.723   -3.33525 -0.1     -0.11   ]
[-3.6855  -1.62525 -0.1     -0.11   ]
[-1.8105  -3.33525 -0.1     -0.11   ]
[-2.3105  -1.62525 -0.1     -0.11   ]
[-3.723   -1.55775 -0.1     -0.11   ]
[-3.8355  -1.55775 -0.1     -0.11   ]
[-2.5355  -1.49025 -0.1     -0.11   ]
[-2.423   -3.26775 -0.1     -0.11   ]
[-2.423   -3.20025 -0.1     -0.11   ]
[-2.3855  -3.33525 -0.1     -0.11   ]
[-1.773   -3.33525 -0.1     -0.11   ]
[-3.073   -1.62525 -0.1     -0.11   ]
[-2.5355  -1.49025 -0.1     -0.11   ]
[-3.723   -1.55775 -0.1     -0.11   ]
[-2.5355  -2.99275 -0.1     -0.11   ]
[-2.3105  -1.62525 -0.1     -0.11   ]
[-1.8105  -3.33525 -0.1     -0.11   ]
[-3.573   -3.33525 -0.1     -0.11   ]
[-3.8355  -3.33525 -0.1     -0.11   ]
[-3.8355  -3.33525 -0.1     -0.11   ]
[-3.8355  -3.19275 -0.1     -0.11   ]
[-2.423   -3.26775 -0.1     -0.11   ]
[-2.423   -1.55025 -0.1     -0.11   ]
[-2.3105  -3.26025 -0.1     -0.11   ]
[-3.723   -3.33525 -0.1     -0.11   ]
[-2.3105  -1.55775 -0.1     -0.11   ]
[-1.8855  -1.62525 -0.1     -0.11   ]
[-2.423   -1.35775 -0.1     -0.11   ]
[-3.723   -3.20025 -0.1     -0.11   ]
[-3.8355  -1.55775 -0.1     -0.11   ]
[-2.5355  -1.55775 -0.1     -0.11   ]
[-2.6105  -3.26775 -0.1     -0.11   ]
[-2.5355  -1.62525 -0.1     -0.11   ]
[-2.423   -1.62525 -0.1     -0.11   ]
[-2.5355  -2.80025 -0.1     -0.11   ]
[-3.8355  -1.09025 -0.1     -0.11   ]
[-3.8355  -1.55775 -0.1     -0.11   ]
[-2.5355  -3.26025 -0.1     -0.11   ]
[-1.3105  -3.33525 -0.1     -0.11   ]
[-2.423   -3.33525 -0.1     -0.11   ]
[-2.5355  -1.62525 -0.1     -0.11   ]
[-2.5355  -3.33525 -0.1     -0.11   ]
[-3.8355  -1.55775 -0.1     -0.11   ]
[-3.8355  -1.62525 -0.1     -0.11   ]
[-3.8355  -3.26775 -0.1     -0.11   ]
[-2.423   -3.33525 -0.1     -0.11   ]
[-2.3105  -3.33525 -0.1     -0.11   ]
[-3.6105  -3.33525 -0.1     -0.11   ]
[-2.423   -3.33525 -0.1     -0.11   ]
[-2.5355  -3.33525 -0.1     -0.11   ]
[-3.8355  -1.62525 -0.1     -0.11   ]
[-2.5355  -3.33525 -0.1     -0.11   ]
[-3.723   -3.33525 -0.1     -0.11   ]
[-3.8355  -1.55025 -0.1     -0.11   ]
[-1.423   -3.26775 -0.1     -0.11   ]
[-3.8355  -1.55775 -0.1     -0.11   ]
[-2.5355  -1.62525 -0.1     -0.11   ]
[-3.6855  -1.62525 -0.1     -0.11   ]
[-2.3855  -3.33525 -0.1     -0.11   ]
[-3.723   -1.55775 -0.1     -0.11   ]
[-2.423   -3.33525 -0.1     -0.11   ]
[-3.8355  -3.26775 -0.1     -0.11   ]
[-2.5355  -1.62525 -0.1     -0.11   ]
[-2.423   -3.26775 -0.1     -0.11   ]
[-2.3105  -3.33525 -0.1     -0.11   ]
[-3.5355  -3.26775 -0.1     -0.11   ]
[-3.723   -1.15775 -0.1     -0.11   ]
[-2.3105  -1.55775 -0.1     -0.11   ]
[-3.8355  -1.29025 -0.1     -0.11   ]
[-2.423   -3.26775 -0.1     -0.11   ]
[-2.5355  -1.62525 -0.1     -0.11   ]
[-3.8355  -1.28275 -0.1     -0.11   ]
[-3.8355  -1.55025 -0.1     -0.11   ]
[-3.8355  -1.29025 -0.1     -0.11   ]
[-2.5355  -3.26025 -0.1     -0.11   ]
[-3.8355  -1.55025 -0.1     -0.11   ]
[-2.5355  -1.35025 -0.1     -0.11   ]
[-2.423   -3.33525 -0.1     -0.11   ]
[-3.6105  -1.55775 -0.1     -0.11   ]
[-3.0555  -3.26775 -0.1     -0.11   ]
[-2.423   -1.55775 -0.1     -0.11   ]
[-2.423   -3.33525 -0.1     -0.11   ]
[-2.423   -1.55775 -0.1     -0.11   ]
[-3.8355  -1.55775 -0.1     -0.11   ]
[-2.423   -3.26775 -0.1     -0.11   ]
[-3.8355  -1.55775 -0.1     -0.11   ]
[-2.5355  -1.62525 -0.1     -0.11   ]
[-3.6855  -1.62525 -0.1     -0.11   ]
[-3.6105  -3.33525 -0.1     -0.11   ]
[-2.5355  -3.33525 -0.1     -0.11   ]
[-2.423   -3.33525 -0.1     -0.11   ]
[-3.8355  -1.29025 -0.1     -0.11   ]
[-3.8355  -3.20025 -0.1     -0.11   ]
[-3.8355  -3.33525 -0.1     -0.11   ]
[-1.8105  -3.33525 -0.1     -0.11   ]
[-2.7355  -3.33525 -0.1     -0.11   ]
[-3.8355  -3.33525 -0.1     -0.11   ]
[-1.423   -3.33525 -0.1     -0.11   ]
[-3.8355  -1.55775 -0.1     -0.11   ]
[-3.8355  -3.20025 -0.1     -0.11   ]
[-3.8355  -1.55025 -0.1     -0.11   ]
[-2.3305  -3.26775 -0.1     -0.11   ]
[-3.6105  -1.55775 -0.1     -0.11   ]
[-2.8305  -3.33525 -0.1     -0.11   ]
[-2.5355  -3.26025 -0.1     -0.11   ]
[-3.723   -3.33525 -0.1     -0.11   ]
[-3.8355  -1.62525 -0.1     -0.11   ]
[-3.723   -1.62525 -0.1     -0.11   ]
[-2.423   -3.33525 -0.1     -0.11   ]
[-3.0555  -3.33525 -0.1     -0.11   ]
[-1.8305  -3.33525 -0.1     -0.11   ]
[-2.273   -3.26775 -0.1     -0.11   ]
[-2.273   -1.55775 -0.1     -0.11   ]
[-3.8355  -1.49025 -0.1     -0.11   ]
[-2.348   -1.62525 -0.1     -0.11   ]
[-2.348   -1.62525 -0.1     -0.11   ]
[-3.8355  -1.29025 -0.1     -0.11   ]
[-3.8355  -3.00025 -0.1     -0.11   ]
[-3.8355  -3.33525 -0.1     -0.11   ]
[-1.8105  -3.33525 -0.1     -0.11   ]
[-2.7355  -3.33525 -0.1     -0.11   ]
[-3.8355  -3.33525 -0.1     -0.11   ]
[-1.973   -3.33525 -0.1     -0.11   ]
[-2.3105  -1.62525 -0.1     -0.11   ]
[-2.423   -1.62525 -0.1     -0.11   ]
[-2.5355  -1.55775 -0.1     -0.11   ]
[-3.6855  -1.49025 -0.1     -0.11   ]
[-3.723   -1.28275 -0.1     -0.11   ]
[-2.423   -1.62525 -0.1     -0.11   ]
[-3.6855  -1.62525 -0.1     -0.11   ]
[-3.8355  -3.33525 -0.1     -0.11   ]
[-3.723   -3.33525 -0.1     -0.11   ]
[-2.9055  -3.33525 -0.1     -0.11   ]
[-2.943   -3.33525 -0.1     -0.11   ]
[-3.723   -3.33525 -0.1     -0.11   ]
[-3.8355  -3.33525 -0.1     -0.11   ]
[-3.8355  -3.33525 -0.1     -0.11   ]
[-1.943   -3.33525 -0.1     -0.11   ]
[-2.9055  -3.33525 -0.1     -0.11   ]
[-3.6105  -1.55775 -0.1     -0.11   ]
[-2.5355  -1.55775 -0.1     -0.11   ]
[-2.423   -3.20025 -0.1     -0.11   ]
[-2.5355  -1.49025 -0.1     -0.11   ]
[-2.423   -3.20025 -0.1     -0.11   ]
[-1.8105  -3.33525 -0.1     -0.11   ]
[-1.623   -3.26775 -0.1     -0.11   ]
[-2.423   -1.55775 -0.1     -0.11   ]
[-1.5105  -3.33525 -0.1     -0.11   ]
[-2.5355  -1.55025 -0.1     -0.11   ]
[-2.423   -3.26775 -0.1     -0.11   ]
[-3.723   -1.35775 -0.1     -0.11   ]
[-2.423   -1.62525 -0.1     -0.11   ]
[-3.6855  -1.49025 -0.1     -0.11   ]
[-2.5305  -2.05275 -0.1     -0.11   ]
[-2.423   -1.55775 -0.1     -0.11   ]
[-2.423   -1.62525 -0.1     -0.11   ]
[-3.723   -1.15775 -0.1     -0.11   ]
[-2.3105  -1.55775 -0.1     -0.11   ]
[-2.943   -3.25275 -0.1     -0.11   ]
[-2.3855  -1.55025 -0.1     -0.11   ]
[-2.5355  -2.99275 -0.1     -0.11   ]
[-3.6105  -3.33525 -0.1     -0.11   ]
[-2.5355  -1.62525 -0.1     -0.11   ]
[-2.943   -3.26775 -0.1     -0.11   ]
[-2.3105  -1.62525 -0.1     -0.11   ]
[-3.6105  -1.62525 -0.1     -0.11   ]
[-3.0555  -3.33525 -0.1     -0.11   ]
[-2.8305  -1.98525 -0.1     -0.11   ]
[-2.3105  -1.62525 -0.1     -0.11   ]
[-2.5355  -3.26025 -0.1     -0.11   ]
[-3.723   -3.33525 -0.1     -0.11   ]
[-3.8355  -1.62525 -0.1     -0.11   ]
[-2.868   -3.26775 -0.1     -0.11   ]
[-3.723   -1.62525 -0.1     -0.11   ]
[-3.8355  -3.33525 -0.1     -0.11   ]
[-3.723   -3.33525 -0.1     -0.11   ]
[-2.423   -3.33525 -0.1     -0.11   ]
[-2.5355  -3.26025 -0.1     -0.11   ]
[-2.423   -3.33525 -0.1     -0.11   ]
[-2.7555  -3.33525 -0.1     -0.11   ]
[-2.0305  -3.33525 -0.1     -0.11   ]
[-3.6105  -1.55775 -0.1     -0.11   ]
[-1.773   -3.33525 -0.1     -0.11   ]
[-2.3105  -3.33525 -0.1     -0.11   ]
[-3.073   -1.62525 -0.1     -0.11   ]
[-1.943   -3.26775 -0.1     -0.11   ]
[-2.3105  -1.62525 -0.1     -0.11   ]
[-2.5355  -3.33525 -0.1     -0.11   ]
[-3.723   -3.26775 -0.1     -0.11   ]
[-3.8355  -1.62525 -0.1     -0.11   ]
[-1.8105  -3.33525 -0.1     -0.11   ]
[-2.7355  -3.33525 -0.1     -0.11   ]
[-3.8355  -3.33525 -0.1     -0.11   ]
[-3.8355  -1.29025 -0.1     -0.11   ]
[-3.8355  -3.26025 -0.1     -0.11   ]
[-3.8355  -3.33525 -0.1     -0.11   ]
[-3.0555  -3.33525 -0.1     -0.11   ]
[-2.423   -3.20025 -0.1     -0.11   ]
[-3.8355  -1.55775 -0.1     -0.11   ]
[-3.723   -3.20025 -0.1     -0.11   ]
[-3.8355  -1.62525 -0.1     -0.11   ]
[-2.5355  -1.62525 -0.1     -0.11   ]
[-2.3105  -3.33525 -0.1     -0.11   ]
[-2.943   -3.33525 -0.1     -0.11   ]
[-3.8355  -1.98525 -0.1     -0.11   ]
[-2.293   -3.33525 -0.1     -0.11   ]
[-3.8355  -2.05275 -0.1     -0.11   ]
[-3.8355  -3.33525 -0.1     -0.11   ]
[-2.423   -3.33525 -0.1     -0.11   ]
[-3.8355  -1.55775 -0.1     -0.11   ]
[-3.8355  -3.20025 -0.1     -0.11   ]
[-3.723   -1.15775 -0.1     -0.11   ]
[-3.573   -2.05275 -0.1     -0.11   ]
[-2.423   -3.20025 -0.1     -0.11   ]
[-3.8355  -1.28275 -0.1     -0.11   ]
[-2.5355  -2.99275 -0.1     -0.11   ]
[-3.723   -1.55025 -0.1     -0.11   ]
[-2.3105  -1.62525 -0.1     -0.11   ]
[-1.8105  -3.33525 -0.1     -0.11   ]
[-3.0355  -3.33525 -0.1     -0.11   ]
[-3.8355  -3.33525 -0.1     -0.11   ]
[-3.8355  -1.29025 -0.1     -0.11   ]
[-3.8355  -3.00025 -0.1     -0.11   ]
[-3.8355  -3.33525 -0.1     -0.11   ]
[-2.423   -1.55025 -0.1     -0.11   ]
[-3.8355  -1.49025 -0.1     -0.11   ]
[-3.8355  -1.49025 -0.1     -0.11   ]
[-1.8105  -1.62525 -0.1     -0.11   ]
[-2.5355  -1.49025 -0.1     -0.11   ]
[-2.5355  -3.26025 -0.1     -0.11   ]
[-2.5355  -1.54275 -0.1     -0.11   ]
[-2.3855  -3.33525 -0.1     -0.11   ]
[-2.423   -1.62525 -0.1     -0.11   ]
[-3.8355  -1.98525 -0.1     -0.11   ]
[-3.6855  -1.49025 -0.1     -0.11   ]
[-2.348   -1.62525 -0.1     -0.11   ]
[-2.3105  -3.26025 -0.1     -0.11   ]
[-3.723   -1.55775 -0.1     -0.11   ]
[-2.3855  -3.26775 -0.1     -0.11   ]
[-2.5355  -1.55775 -0.1     -0.11   ]
[-2.423   -1.62525 -0.1     -0.11   ]
[-2.943   -3.26775 -0.1     -0.11   ]
[-3.723   -1.62525 -0.1     -0.11   ]
[-3.6855  -3.33525 -0.1     -0.11   ]
[-3.723   -3.33525 -0.1     -0.11   ]
[-2.3105  -3.26025 -0.1     -0.11   ]
[-3.723   -1.54275 -0.1     -0.11   ]
[-3.8355  -1.49025 -0.1     -0.11   ]
[-2.3105  -3.33525 -0.1     -0.11   ]
[-2.2355  -3.33525 -0.1     -0.11   ]
[-2.2355  -3.33525 -0.1     -0.11   ]
[-2.443   -3.20025 -0.1     -0.11   ]
[-2.5355  -1.54275 -0.1     -0.11   ]
[-3.8355  -1.49025 -0.1     -0.11   ]
[-2.423   -3.20025 -0.1     -0.11   ]
[-3.8355  -1.29025 -0.1     -0.11   ]
[-3.723   -1.55775 -0.1     -0.11   ]
[-2.423   -1.55775 -0.1     -0.11   ]
[-2.3855  -1.62525 -0.1     -0.11   ]
[-2.3105  -1.62525 -0.1     -0.11   ]
[-2.3105  -3.33525 -0.1     -0.11   ]
[-1.8105  -3.33525 -0.1     -0.11   ]
[-3.5355  -3.33525 -0.1     -0.11   ]
[-3.8355  -3.33525 -0.1     -0.11   ]
[-3.8355  -1.29025 -0.1     -0.11   ]
[-3.8355  -3.18525 -0.1     -0.11   ]
[-3.8355  -3.33525 -0.1     -0.11   ]
[-2.423   -1.55775 -0.1     -0.11   ]
[-3.8355  -1.28275 -0.1     -0.11   ]
[-2.5355  -1.49025 -0.1     -0.11   ]
[-2.3855  -1.55775 -0.1     -0.11   ]
[-3.273   -1.98525 -0.1     -0.11   ]
[-1.8855  -1.62525 -0.1     -0.11   ]
[-3.723   -1.15775 -0.1     -0.11   ]
[-2.3855  -3.33525 -0.1     -0.11   ]
[-2.2355  -3.33525 -0.1     -0.11   ]
[-3.6855  -1.62525 -0.1     -0.11   ]
[-2.943   -3.33525 -0.1     -0.11   ]
[-1.3105  -3.33525 -0.1     -0.11   ]
[-2.5355  -3.33525 -0.1     -0.11   ]
[-3.8355  -3.26775 -0.1     -0.11   ]
[-3.8355  -1.62525 -0.1     -0.11   ]
[-2.9055  -3.33525 -0.1     -0.11   ]
[-1.423   -3.26775 -0.1     -0.11   ]
[-2.423   -1.55775 -0.1     -0.11   ]
[-3.723   -2.99275 -0.1     -0.11   ]
[-3.8355  -1.62525 -0.1     -0.11   ]
[-3.8355  -1.62525 -0.1     -0.11   ]
[-3.723   -3.33525 -0.1     -0.11   ]
[-2.3305  -3.33525 -0.1     -0.11   ]
[-2.7555  -3.33525 -0.1     -0.11   ]
[-2.423   -3.33525 -0.1     -0.11   ]
[-2.5355  -1.62525 -0.1     -0.11   ]
[-3.8355  -1.62525 -0.1     -0.11   ]
[-2.5355  -1.29025 -0.1     -0.11   ]
[-2.423   -3.33525 -0.1     -0.11   ]
[-3.723   -3.33525 -0.1     -0.11   ]
[-2.5355  -3.26775 -0.1     -0.11   ]
[-1.8105  -1.62525 -0.1     -0.11   ]

